398.41999999999996
436.41999999999996
474.41999999999996
512.42
550.42
588.42
626.42
664.4200000000001
702.4200000000001
740.4200000000001
778.4200000000001
816.4200000000001
854.4200000000001
892.4200000000001
930.4200000000001
968.4200000000001
1006.4200000000001
1044.42
1082.42
1360.42
1398.42
1436.42
1474.42
1512.42
1550.42
1588.42
1626.42
1664.42
1702.42
1740.42
1778.42
1816.42
1854.42
1892.42
1930.42
1968.42
2006.42
2044.42
2082.42
2360.42
2398.42
2436.42
2474.42
2512.42
2550.42
2588.42
2626.42
2664.42
2702.42
2740.42
2778.42
2816.42
2854.42
2892.42
2930.42
2968.42
3006.42
3044.42
3082.42
3360.42
3398.42
3436.42
3474.42
3512.42
3550.42
3588.42
3626.42
3664.42
3702.42
3740.42
3778.42
3816.42
3854.42
3892.42
3930.42
3968.42
4006.42
4044.42
4082.42
4360.42
4398.42
4436.42
4474.42
4512.42
4550.42
4588.42
4626.42
4664.42
4702.42
4740.42
4778.42
4816.42
4854.42
4892.42
4930.42
4968.42
5006.42
5044.42
5082.42
5360.42
5398.42
5436.42
5474.42
5512.42
5550.42
5588.42
5626.42
5664.42
5702.42
5740.42
5778.42
5816.42
5854.42
5892.42
5930.42
5968.42
6006.42
6044.42
6082.42
6360.42
6398.42
6436.42
6474.42
6512.42
6550.42
6588.42
6626.42
6664.42
6702.42
6740.42
6778.42
6816.42
6854.42
6892.42
6930.42
6968.42
7006.42
7044.42
7082.42
7360.42
7398.42
7436.42
7474.42
7512.42
7550.42
7588.42
7626.42
7664.42
7702.42
7740.42
7778.42
7816.42
7854.42
7892.42
7930.42
7968.42
8006.42
8044.42
8082.42
8360.42
8398.42
8436.42
8474.42
8512.42
8550.42
8588.42
8626.42
8664.42
8702.42
8740.42
8778.42
8816.42
8854.42
8892.42
8930.42
8968.42
9006.42
9044.42
9082.42
9360.42
9398.42
9436.42
9474.42
9512.42
9550.42
9588.42
9626.42
9664.42
9702.42
9740.42
9778.42
9816.42
9854.42
9892.42
9930.42
9968.42
10006.42
10044.42
10082.42
10360.42
10398.42
10436.42
10474.42
10512.42
10550.42
10588.42
10626.42
10664.42
10702.42
10740.42
10778.42
10816.42
10854.42
10892.42
10930.42
10968.42
11006.42
11044.42
11082.42
11360.42
11398.42
11436.42
11474.42
11512.42
11550.42
11588.42
11626.42
11664.42
11702.42
11740.42
11778.42
11816.42
11854.42
11892.42
11930.42
11968.42
12006.42
12044.42
12082.42
12360.42
12398.42
12436.42
12474.42
12512.42
12550.42
12588.42
12626.42
12664.42
12702.42
12740.42
12778.42
12816.42
12854.42
12892.42
12930.42
12968.42
13006.42
13044.42
13082.42
13360.42
13398.42
13436.42
13474.42
13512.42
13550.42
13588.42
13626.42
13664.42
13702.42
13740.42
13778.42
13816.42
13854.42
13892.42
13930.42
13968.42
14006.42
14044.42
14082.42
14360.42
14398.42
14436.42
14474.42
14512.42
14550.42
14588.42
14626.42
14664.42
14702.42
14740.42
14778.42
14816.42
14854.42
14892.42
14930.42
14968.42
15006.42
15044.42
15082.42
15360.42
15398.42
15436.42
15474.42
15512.42
15550.42
15588.42
15626.42
15664.42
15702.42
15740.42
15778.42
15816.42
15854.42
15892.42
15930.42
15968.42
16006.42
16044.42
16082.42
16360.42
16398.42
16436.42
16474.42
16512.42
16550.42
16588.42
16626.42
16664.42
16702.42
16740.42
16778.42
16816.42
16854.42
16892.42
16930.42
16968.42
17006.42
17044.42
17082.42
17360.42
17398.42
17436.42
17474.42
17512.42
17550.42
17588.42
17626.42
17664.42
17702.42
17740.42
17778.42
17816.42
17854.42
17892.42
17930.42
17968.42
18006.42
18044.42
18082.42
18360.42
18398.42
18436.42
18474.42
18512.42
18550.42
18588.42
18626.42
18664.42
18702.42
18740.42
18778.42
18816.42
18854.42
18892.42
18930.42
18968.42
19006.42
19044.42
19082.42
19360.42
19398.42
19436.42
19474.42
19512.42
19550.42
19588.42
19626.42
19664.42
19702.42
19740.42
19778.42
19816.42
19854.42
19892.42
19930.42
19968.42
20006.42
20044.42
20082.42
0.0
0.0
0.0
0.0
0.0
0.0
0.0
0.0
0.0
0.0
0.0
0.0
0.0
0.0
0.0
0.0
0.0
0.0
0.0
0.0
0.0
0.0
0.0
0.0
0.0
0.0
0.0
0.0
0.0
0.0
0.0
0.0
0.0
0.0
0.0
0.0
0.0
0.0
0.0
0.0
0.0
0.0
0.0
0.0
0.0
0.0
0.0
0.0
0.0
0.0
0.0
0.0
0.0
0.0
0.0
0.0
0.0
0.0
0.0
0.0
0.0
0.0
0.0
0.0
0.0
0.0
0.0
0.0
0.0
0.0
0.0
0.0
0.0
0.0
0.0
0.0
0.0
0.0
0.0
0.0
0.0
0.0
0.0
0.0
0.0
0.0
0.0
0.0
0.0
0.0
0.0
0.0
0.0
0.0
0.0
0.0
0.0
0.0
0.0
0.0
0.0
0.0
0.0
0.0
0.0
0.0
0.0
0.0
0.0
0.0
0.0
0.0
0.0
0.0
0.0
0.0
0.0
0.0
0.0
0.0
0.0
0.0
0.0
0.0
0.0
0.0
0.0
0.0
0.0
0.0
0.0
0.0
0.0
0.0
0.0
0.0
0.0
0.0
0.0
0.0
0.0
0.0
0.0
0.0
0.0
0.0
0.0
0.0
0.0
0.0
0.0
0.0
0.0
0.0
0.0
0.0
0.0
0.0
0.0
0.0
0.0
0.0
0.0
0.0
0.0
0.0
0.0
0.0
0.0
0.0
0.0
0.0
0.0
0.0
0.0
0.0
0.0
0.0
0.0
0.0
0.0
0.0
0.0
0.0
0.0
0.0
0.0
0.0
0.0
0.0
0.0
0.0
0.0
0.0
0.0
0.0
0.0
0.0
0.0
0.0
0.0
0.0
0.0
0.0
0.0
0.0
0.0
0.0
0.0
0.0
0.0
0.0
0.0
0.0
0.0
0.0
0.0
0.0
0.0
0.0
0.0
0.0
0.0
0.0
0.0
0.0
0.0
0.0
0.0
0.0
0.0
0.0
0.0
0.0
0.0
0.0
0.0
0.0
0.0
0.0
0.0
0.0
0.0
0.0
0.0
0.0
0.0
0.0
0.0
0.0
0.0
0.0
0.0
0.0
0.0
0.0
0.0
0.0
0.0
0.0
0.0
0.0
0.0
0.0
0.0
0.0
0.0
0.0
0.0
0.0
0.0
0.0
0.0
0.0
0.0
0.0
0.0
0.0
0.0
0.0
0.0
0.0
0.0
0.0
0.0
0.0
0.0
0.0
0.0
0.0
0.0
0.0
0.0
0.0
0.0
0.0
0.0
0.0
0.0
0.0
0.0
0.0
0.0
0.0
0.0
0.0
0.0
0.0
0.0
0.0
0.0
0.0
0.0
0.0
0.0
0.0
0.0
0.0
0.0
0.0
0.0
0.0
0.0
0.0
0.0
0.0
0.0
0.0
0.0
0.0
0.0
0.0
0.0
0.0
0.0
0.0
0.0
0.0
0.0
0.0
0.0
0.0
0.0
0.0
0.0
0.0
0.0
0.0
0.0
0.0
0.0
0.0
0.0
0.0
0.0
0.0
0.0
0.0
0.0
0.0
0.0
0.0
0.0
0.0
0.0
0.0
0.0
0.0
0.0
0.0
0.0
0.0
0.0
0.0
0.0
0.0
0.0
0.0
0.0
0.0
0.0
0.0
0.0
0.0
0.0
0.0
0.0
0.0
0.0
0.0
0.0
0.0
0.0
0.0
0.0
0.0
0.0
0.0
0.0
0.0
0.0
