1
3
3
3
5
7
7
8
8
8
9
10
11
11
11
11
12
14
15
17
17
19
21
22
23
24
24
24
25
26
27
29
30
31
32
32
32
32
32
34
36
37
39
40
41
43
44
45
47
49
50
50
52
52
52
53
55
57
58
59
59
59
60
62
64
64
65
67
69
69
71
72
74
76
77
78
78
80
81
82
84
84
85
87
87
87
88
89
89
90
91
92
92
92
93
94
95
96
97
97
99
101
103
105
106
108
108
110
111
112
113
113
114
116
116
117
119
119
121
123
124
124
126
127
128
128
128
128
129
131
131
131
132
133
134
135
136
136
137
138
139
139
140
142
142
144
145
147
149
151
152
153
155
156
156
156
158
158
160
160
161
161
162
164
166
166
167
169
170
172
173
174
174
176
176
177
178
178
178
179
181
183
184
184
186
186
187
189
189
191
192
194
194
194
195
195
197
197
197
199
201
202
203
204
205
205
205
206
208
208
208
209
209
210
212
213
213
215
217
217
217
219
221
222
223
225
225
226
226
228
230
232
233
235
235
236
238
238
239
240
241
243
244
245
245
247
249
249
251
253
255
255
256
256
256
256
256
257
258
260
262
263
263
264
265
267
267
269
269
269
269
270
271
272
274
276
277
279
280
281
282
284
286
288
290
292
292
294
296
297
297
297
298
299
300
302
302
304
305
307
309
310
312
312
312
313
314
316
317
318
319
321
321
322
323
323
324
326
326
326
327
328
330
332
332
332
332
332
333
335
335
335
337
338
339
339
339
340
340
341
343
343
343
343
345
346
348
350
350
351
353
353
355
355
357
358
359
361
362
363
365
367
368
368
369
371
373
373
373
374
374
374
375
375
376
378
379
381
381
382
382
384
384
385
386
387
389
390
390
390
392
393
394
394
394
395
396
397
398
400
400
402
404
406
408
409
410
412
412
413
415
417
418
419
421
422
423
423
423
425
425
426
426
426
426
427
428
428
430
432
432
434
436
437
438
439
440
442
444
446
446
447
449
451
453
454
456
456
456
457
458
459
460
461
461
463
463
465
467
467
467
469
471
472
474
475
476
476
477
478
480
480
481
482
483
485
485
487
487
487
488
488
488
488
490
490
492
494
496
497
498
498
498
498
500
501
503
504
504
506
507
508
509
510
512
514
516
516
517
518
518
519
520
520
522
524
525
525
526
528
530
531
533
534
534
535
535
536
538
538
538
538
539
540
542
542
543
544
545
545
547
547
548
549
551
551
553
554
554
555
555
557
558
560
560
561
562
564
565
567
568
569
569
571
573
573
575
575
575
576
578
578
580
582
582
584
586
587
587
589
591
592
594
595
596
597
598
600
601
602
604
605
605
607
607
608
610
612
613
614
615
616
616
616
616
618
618
618
619
621
623
623
623
624
624
624
626
628
630
631
633
635
635
636
638
639
640
641
642
644
645
646
647
649
651
652
654
654
654
655
656
657
658
658
659
660
662
663
665
665
665
666
666
668
669
670
672
673
673
673
673
674
676
677
679
681
683
683
683
683
684
684
686
687
687
687
687
687
687
689
689
690
692
693
693
695
695
697
698
699
699
701
702
702
702
704
706
706
708
710
712
712
713
713
713
715
715
717
718
720
721
722
723
724
724
725
726
726
726
728
729
729
730
730
731
732
734
734
736
737
739
741
742
742
743
744
744
744
744
745
745
745
747
748
748
748
749
749
751
753
753
754
756
758
760
762
764
765
767
769
769
769
769
771
772
774
774
775
777
777
777
779
780
782
782
783
783
783
785
786
788
788
788
788
789
789
789
789
791
792
794
796
798
799
799
800
800
800
801
802
