0
0
0
0
0
0
0
0
0
0
0
0
0
0
0
0
0
0
0
0
0
0
0
0
0
0
0
0
0
0
0
0
0
0
0
0
0
0
0
0
0
0
0
0
0
0
0
0
0
0
0
0
0
0
0
0
0
0
0
0
0
0
0
0
0
0
0
0
0
0
0
0
0
0
0
0
0
0
0
0
0
0
0
0
0
0
0
0
0
0
0
0
0
0
0
0
0
0
0
0
0
0
1
1
2
3
3
3
3
3
3
3
3
4
6
8
9
9
11
12
12
13
13
13
14
14
14
14
15
15
17
18
19
19
20
20
20
21
21
21
21
21
22
22
22
23
23
23
23
23
23
23
23
23
25
25
26
26
26
26
26
26
26
27
29
31
32
32
32
33
35
37
38
38
40
40
40
40
41
41
41
41
42
42
42
44
45
45
47
47
47
49
50
50
50
50
50
50
50
50
51
51
51
53
53
54
55
57
57
57
57
57
58
60
61
61
61
61
61
61
61
62
62
62
63
65
66
66
68
70
71
72
74
75
76
76
76
77
77
77
77
77
79
79
79
79
79
79
80
80
81
82
82
83
84
84
85
85
86
86
86
86
86
86
88
89
89
89
89
90
90
90
91
91
91
91
91
91
93
93
93
94
96
96
98
98
100
101
102
104
104
104
104
104
106
107
108
109
109
109
111
112
113
114
115
117
117
118
120
120
120
120
122
122
122
124
125
125
127
127
129
129
129
130
132
133
134
134
134
134
134
134
136
137
138
138
140
140
142
142
143
144
146
146
147
148
148
148
149
151
153
153
155
157
159
161
163
163
164
165
165
165
165
166
167
167
169
170
170
171
172
173
174
175
175
175
177
177
177
177
178
179
180
181
182
184
186
188
189
190
192
192
193
195
197
199
201
202
202
202
204
205
207
209
210
210
210
210
212
213
214
214
214
214
214
216
216
217
217
219
220
220
220
220
221
221
221
222
222
222
224
226
226
228
228
228
230
230
231
231
231
231
232
232
234
235
236
237
238
240
242
242
242
242
244
244
244
245
247
249
249
250
252
252
253
253
255
256
256
257
258
259
260
260
261
262
262
262
262
262
264
265
265
266
268
268
268
270
271
273
273
273
273
274
274
275
277
278
280
281
281
281
282
284
284
285
286
287
289
289
290
292
293
295
295
297
299
300
302
304
305
306
307
308
310
311
311
313
313
314
315
315
317
318
320
321
322
323
323
324
326
328
329
330
330
331
331
332
334
336
338
338
340
341
341
343
345
345
347
348
350
351
353
355
356
358
359
359
361
362
363
363
363
363
363
365
366
366
367
369
370
371
371
372
374
374
376
378
380
382
384
385
385
385
385
387
388
389
390
391
393
395
395
396
398
400
401
403
404
405
405
406
406
406
407
407
407
408
409
411
411
411
413
415
416
417
418
418
418
420
422
422
423
425
426
428
428
430
430
432
434
434
434
436
438
439
440
441
441
443
443
443
444
446
447
449
450
450
452
454
455
457
459
459
459
459
460
461
461
463
463
465
466
468
470
470
471
473
473
475
476
477
479
480
481
482
484
484
486
488
489
489
490
492
494
496
496
496
498
500
502
504
504
504
504
506
506
507
507
508
508
510
512
514
515
515
515
516
516
518
519
521
522
523
525
526
526
526
528
529
531
533
533
535
535
535
535
536
536
538
538
540
542
542
542
543
543
544
545
546
548
548
549
550
551
553
553
555
555
555
556
558
560
562
564
566
568
568
569
571
571
571
571
572
572
573
575
576
576
576
577
578
579
580
580
581
581
583
583
585
587
588
590
590
592
593
594
594
595
596
