340.76
340.76
441.82
492.99
594.05
815.1099999999999
866.28
866.28
866.28
866.28
866.28
866.28
917.4499999999999
1018.51
1119.57
1340.63
1391.8000000000002
1492.8600000000001
1593.92
1645.0900000000001
1866.15
1917.3200000000002
1917.3200000000002
1917.3200000000002
2018.38
2018.38
2018.38
2018.38
2119.4399999999996
2119.4399999999996
2340.5000000000005
2391.67
2442.84
2442.84
2543.9000000000005
2543.9000000000005
2543.9000000000005
2595.0700000000006
2595.0700000000006
2595.0700000000006
2646.2400000000002
2817.4100000000003
2918.4700000000003
2918.4700000000003
2918.4700000000003
3019.53
3019.53
3019.53
3019.53
3019.53
3120.59
3120.59
3120.59
3120.59
3341.6500000000005
3341.6500000000005
3392.82
3392.82
3443.9900000000002
3443.9900000000002
3443.9900000000002
3495.1600000000003
3495.1600000000003
3596.2200000000003
3817.28
3918.3400000000006
4019.4
4019.4
4019.4
4070.57
4171.63
4392.69
4493.75
4493.75
4594.81
4594.81
4695.87
4695.87
4916.929999999999
4968.1
4968.1
4968.1
5019.2699999999995
5019.2699999999995
5070.4400000000005
5171.499999999999
5392.5599999999995
5443.7300000000005
5544.789999999999
5595.96
5595.96
5697.02
5918.08
5918.08
5918.08
5918.08
6019.139999999999
6019.139999999999
6070.31
6171.37
6171.37
6171.37
6171.37
6106.76
6106.76
6106.76
6106.76
6327.820000000001
6378.99
6378.99
6378.99
6480.05
6531.71
6531.71
6531.71
6531.71
6583.37
6583.37
6583.37
6755.03
6755.03
6806.69
6806.69
6857.86
6857.86
6958.92
7010.09
7061.259999999999
7061.259999999999
7282.32
7282.32
7333.9800000000005
7385.639999999999
7436.8099999999995
7436.8099999999995
7436.8099999999995
7436.8099999999995
7488.47
7539.639999999999
7539.639999999999
7591.3
7591.3
7591.3
7591.3
7812.36
7812.36
7863.53
7863.53
7914.7
7914.7
7914.7
7965.87
7965.87
8066.929999999999
8066.929999999999
8167.99
8339.65
8440.71
8492.369999999999
8543.539999999999
8543.539999999999
8543.539999999999
8543.539999999999
8543.539999999999
8543.539999999999
8543.539999999999
8543.539999999999
8543.539999999999
8543.539999999999
8595.199999999999
8595.199999999999
8595.199999999999
8595.199999999999
8816.259999999998
8816.259999999998
8816.259999999998
8816.259999999998
8867.429999999998
8867.429999999998
8867.429999999998
8867.429999999998
8918.6
8970.259999999998
9021.429999999998
9073.089999999998
9073.089999999998
9073.089999999998
9073.089999999998
9073.089999999998
9124.749999999998
9175.92
9175.92
9175.92
9396.98
9498.039999999999
9599.099999999999
9599.099999999999
9650.269999999999
9650.269999999999
9650.269999999999
9650.269999999999
9613.869999999999
9613.869999999999
9613.869999999999
9613.869999999999
9613.869999999999
9785.529999999999
9785.529999999999
9837.19
9888.359999999999
9989.419999999998
9989.419999999998
9989.419999999998
9989.419999999998
9989.419999999998
9989.419999999998
9989.419999999998
9989.419999999998
9989.419999999998
9989.419999999998
9989.419999999998
9989.419999999998
10090.48
10090.48
10090.48
10090.48
10262.14
10262.14
10262.14
10262.14
10262.14
10262.14
10262.14
10313.8
10313.8
10313.8
10414.859999999999
10414.859999999999
10466.52
10466.52
10466.52
10466.52
10466.52
10466.52
10466.52
10466.52
10466.52
10466.52
10518.179999999998
10619.239999999998
10619.239999999998
10790.899999999998
10891.96
10891.96
10891.96
10891.96
10891.96
10891.96
10891.96
10943.619999999999
10994.789999999999
10994.789999999999
10994.789999999999
10994.789999999999
10994.789999999999
10994.789999999999
10994.789999999999
11095.85
11095.85
11095.85
11095.85
11095.85
11095.85
11095.85
11095.85
11095.85
11095.85
11095.85
11095.85
11095.85
11147.019999999999
11318.679999999998
11318.679999999998
11318.679999999998
11318.679999999998
11318.679999999998
11318.679999999998
11370.339999999998
11370.339999999998
11370.339999999998
11421.999999999998
11421.999999999998
11421.999999999998
11421.999999999998
11421.999999999998
11421.999999999998
11421.999999999998
11473.66
11525.32
11525.32
11525.32
11526.96
11526.96
11526.96
11526.96
11526.96
11526.96
11526.96
11526.96
11578.619999999999
11578.619999999999
11578.619999999999
11578.619999999999
11578.619999999999
11578.619999999999
11578.619999999999
11578.619999999999
11578.619999999999
11578.619999999999
11578.619999999999
11578.619999999999
11578.619999999999
11578.619999999999
11750.279999999999
11750.279999999999
11750.279999999999
11750.279999999999
11750.279999999999
11750.279999999999
11750.279999999999
11750.279999999999
11750.279999999999
11750.279999999999
11750.279999999999
11750.279999999999
11801.449999999999
11801.449999999999
11801.449999999999
11801.449999999999
11902.509999999998
11902.509999999998
11954.169999999998
11954.169999999998
12005.339999999998
12005.339999999998
12005.339999999998
12057.0
12278.06
12278.06
12278.06
12278.06
12278.06
12278.06
12278.06
12278.06
12278.06
12278.06
12278.06
12278.06
12278.06
12278.06
12329.72
12430.779999999999
12430.779999999999
12430.779999999999
12430.779999999999
12430.779999999999
12430.779999999999
12531.839999999998
12531.839999999998
12531.839999999998
12531.839999999998
12531.839999999998
12531.839999999998
12531.839999999998
12632.899999999998
12632.899999999998
12804.56
12804.56
12856.22
12907.88
12907.88
12907.88
12959.539999999999
12959.539999999999
12959.539999999999
12959.539999999999
12959.539999999999
12959.539999999999
12959.539999999999
12959.539999999999
12959.539999999999
12959.539999999999
12959.539999999999
12959.539999999999
12959.539999999999
12959.539999999999
12959.539999999999
12959.539999999999
12959.539999999999
12959.539999999999
12959.539999999999
12959.539999999999
12959.539999999999
12959.539999999999
12959.539999999999
12959.539999999999
12959.539999999999
12959.539999999999
12959.539999999999
12959.539999999999
12959.539999999999
12959.539999999999
12959.539999999999
12959.539999999999
12959.539999999999
12959.539999999999
12959.539999999999
12959.539999999999
12959.539999999999
12959.539999999999
12959.539999999999
12959.539999999999
12959.539999999999
12959.539999999999
12959.539999999999
12959.539999999999
12973.759999999998
12973.759999999998
12973.759999999998
12973.759999999998
12973.759999999998
12973.759999999998
12973.759999999998
12973.759999999998
12973.759999999998
12973.759999999998
12973.759999999998
12973.759999999998
12973.759999999998
12973.759999999998
12973.759999999998
12973.759999999998
13025.42
13025.42
13025.42
13025.42
13025.42
13025.42
13025.42
13025.42
13025.42
13025.42
13025.42
13025.42
13025.42
13025.42
13025.42
13025.42
13025.42
13077.08
13077.08
13077.08
13077.08
13077.08
13077.08
13077.08
13077.08
13077.08
13077.08
13077.08
13077.08
13077.08
13077.08
13077.08
13077.08
13077.08
13077.08
13077.08
13077.08
13077.08
13077.08
13077.08
13077.08
13077.08
13077.08
13077.08
13077.08
13077.08
13077.08
13077.08
13077.08
13077.08
13077.08
13077.08
13077.08
13077.08
13077.08
13077.08
13077.08
13077.08
13077.08
13077.08
13077.08
13077.08
13077.08
13077.08
13077.08
13077.08
13077.08
13077.08
13077.08
13077.08
13077.08
13077.08
13077.08
13077.08
13077.08
13077.08
13077.08
13077.08
13077.08
13077.08
13077.08
13077.08
13077.08
13077.08
13077.08
13077.08
13077.08
13077.08
13077.08
13077.08
13077.08
13077.08
13241.96
13241.96
13241.96
13241.96
13241.96
13241.96
13241.96
13241.96
13241.96
13241.96
13241.96
13241.96
13241.96
13241.96
13241.96
13241.96
13241.96
13241.96
13241.96
13241.96
13241.96
13241.96
13241.96
13241.96
13241.96
13241.96
13241.96
13241.96
13241.96
13241.96
13241.96
13241.96
13241.96
13241.96
13241.96
13241.96
13241.96
13241.96
13241.96
13241.96
13241.96
13241.96
13241.96
13241.96
13241.96
13241.96
13241.96
13241.96
13241.96
13241.96
13241.96
13241.96
13241.96
13241.96
13241.96
13241.96
13241.96
13241.96
13241.96
13241.96
13241.96
13241.96
13241.96
13241.96
13241.96
13241.96
13241.96
13241.96
13241.96
13241.96
13241.96
13241.96
13241.96
13241.96
13241.96
13241.96
13241.96
13241.96
13241.96
13241.96
13241.96
13241.96
13241.96
13241.96
13241.96
13241.96
13241.96
13241.96
13241.96
13241.96
13241.96
13241.96
13241.96
13241.96
13241.96
13241.96
13241.96
13241.96
13241.96
13241.96
13241.96
13241.96
13241.96
13241.96
13241.96
13241.96
13241.96
13241.96
13241.96
13241.96
13241.96
13241.96
13241.96
13241.96
13241.96
13241.96
13241.96
13241.96
13241.96
13241.96
13241.96
13241.96
13241.96
13241.96
13241.96
13241.96
13241.96
13241.96
13241.96
13241.96
13241.96
13241.96
13241.96
13241.96
13241.96
13241.96
13241.96
13241.96
13241.96
13241.96
13241.96
13241.96
13241.96
13241.96
13241.96
13241.96
13241.96
13241.96
13241.96
13241.96
13241.96
13241.96
13241.96
13241.96
13241.96
13241.96
13241.96
13241.96
13241.96
13241.96
13241.96
13241.96
13241.96
13241.96
13241.96
13241.96
13241.96
13241.96
13241.96
13241.96
13241.96
13241.96
13241.96
13241.96
13241.96
13241.96
13241.96
13241.96
13241.96
13241.96
13241.96
13241.96
13241.96
13241.96
13241.96
13241.96
13241.96
13241.96
13241.96
13241.96
13241.96
13241.96
13241.96
13241.96
13241.96
13241.96
13241.96
13241.96
13241.96
13241.96
13241.96
13241.96
13241.96
13241.96
13241.96
13241.96
13241.96
13241.96
13241.96
13241.96
13241.96
13241.96
13241.96
13241.96
13241.96
13241.96
13241.96
13241.96
13241.96
13241.96
13241.96
13241.96
13241.96
13241.96
13241.96
13241.96
13241.96
13241.96
13241.96
13241.96
13241.96
13241.96
13241.96
13241.96
13241.96
13241.96
13241.96
13241.96
13241.96
13241.96
13241.96
13241.96
13241.96
13241.96
13241.96
13241.96
13241.96
13241.96
13241.96
13241.96
13241.96
13241.96
13241.96
13241.96
13241.96
13241.96
13241.96
13241.96
13241.96
13241.96
13241.96
13241.96
13241.96
13241.96
13241.96
