0
0
0
0
0
0
0
0
0
0
0
0
0
0
0
0
0
0
0
0
0
0
0
0
0
0
0
0
0
0
0
0
0
0
0
0
0
0
0
0
0
0
0
0
0
0
0
0
0
0
0
0
0
0
0
0
0
0
0
0
0
0
0
0
0
0
0
0
0
0
0
0
0
0
0
0
0
0
0
0
0
0
0
0
0
0
0
0
0
0
0
0
0
0
0
0
0
0
0
0
1
3
3
3
4
6
6
7
7
7
7
7
7
7
7
7
8
8
9
11
11
11
13
13
13
13
13
13
13
14
14
14
14
14
14
14
14
14
14
15
16
16
17
18
18
20
20
21
23
25
25
25
27
27
27
27
29
29
30
30
30
30
30
32
34
34
34
36
37
37
38
38
38
40
40
40
40
40
40
40
42
42
42
42
42
42
42
43
43
44
44
45
45
45
45
45
46
46
46
46
48
49
50
51
52
52
52
53
54
54
54
54
54
55
55
55
55
57
59
59
59
61
63
64
65
66
66
66
66
68
69
71
72
74
74
74
75
75
75
76
77
78
79
80
80
82
84
84
86
88
90
90
91
91
91
91
91
92
93
94
95
95
95
96
97
97
97
99
99
99
99
100
101
102
103
105
105
107
107
108
109
111
113
115
117
117
117
119
119
120
120
120
120
120
121
122
122
123
123
125
127
128
130
130
130
131
131
133
134
134
135
137
137
138
139
139
140
142
142
142
142
143
145
147
147
147
147
147
148
150
150
150
152
153
154
154
154
154
154
155
157
157
157
157
158
159
161
163
163
164
166
166
168
168
168
168
169
171
172
173
175
176
177
177
178
180
182
182
182
183
183
183
184
184
185
187
188
190
190
191
191
193
193
194
195
196
198
199
199
199
201
202
202
202
202
203
204
205
206
208
208
210
212
214
216
217
217
219
219
220
222
224
225
226
228
229
230
230
230
232
232
233
233
233
233
234
234
234
236
238
238
240
242
243
244
245
246
247
249
251
251
252
254
256
258
259
261
261
261
262
263
263
264
264
264
266
266
268
270
270
270
272
274
275
277
278
279
279
280
281
283
283
284
285
286
288
288
290
290
290
291
291
291
291
293
293
295
297
299
300
301
301
301
301
303
304
306
307
307
309
310
311
312
313
315
317
319
319
320
321
321
322
323
323
325
327
328
328
329
331
333
334
336
337
337
338
338
338
340
340
340
340
341
342
344
344
345
346
347
347
349
349
350
351
353
353
355
356
356
357
357
359
360
362
362
363
364
366
367
369
370
371
371
373
375
375
377
377
377
378
380
380
382
384
384
386
388
389
389
391
393
394
396
397
398
399
400
402
403
404
406
407
407
408
408
409
411
413
414
415
416
417
417
417
417
419
419
419
420
422
424
424
424
425
425
425
427
429
431
432
434
436
436
437
439
440
440
441
442
444
445
446
447
449
451
452
454
454
454
455
456
457
458
458
459
460
462
463
465
465
465
466
466
468
469
470
472
473
473
473
473
474
476
477
479
481
483
483
483
483
484
484
486
487
487
487
487
487
487
489
489
490
492
493
493
495
495
497
498
499
499
501
502
502
502
504
506
506
508
510
512
512
513
513
513
515
515
517
518
520
521
522
523
524
524
525
526
526
526
528
529
529
530
530
531
532
534
534
536
537
539
541
542
542
543
544
544
544
544
545
545
545
547
548
548
548
549
549
551
553
553
554
556
558
560
562
564
565
567
569
569
569
569
571
572
574
574
575
577
577
577
579
580
582
582
583
583
583
585
586
588
588
588
588
589
589
589
589
591
592
594
596
598
599
599
600
600
600
601
602
