2
2
4
5
7
9
10
10
10
10
10
10
11
13
15
17
18
20
22
23
25
26
26
26
28
28
28
28
30
30
32
33
34
34
36
36
36
37
37
37
38
39
41
41
41
43
43
43
43
43
45
45
45
45
47
47
48
48
49
49
49
50
50
52
54
56
58
58
58
59
61
63
65
65
67
67
69
69
71
72
72
72
73
73
74
76
78
79
81
82
82
84
86
86
86
86
88
88
89
91
91
91
92
93
94
95
95
97
98
98
98
100
101
102
104
106
108
108
110
112
112
114
114
115
116
118
119
120
121
123
125
127
129
130
131
131
131
133
134
134
135
135
136
136
138
139
140
140
141
141
141
142
142
144
146
148
150
152
153
154
154
154
154
155
157
159
160
160
160
162
164
166
167
169
171
171
171
172
173
173
173
174
176
177
178
180
181
181
183
184
185
187
188
190
192
194
194
195
195
195
196
197
197
199
199
200
202
204
205
206
208
208
209
211
212
212
212
212
212
212
212
213
215
215
216
218
220
220
222
224
225
226
228
230
231
231
233
234
235
235
235
235
237
237
237
237
237
237
239
241
242
244
246
247
248
248
249
249
250
251
252
252
252
252
254
255
255
257
257
258
258
258
259
259
259
259
259
259
261
261
262
264
266
266
268
268
270
272
273
275
276
276
276
276
278
279
280
282
283
283
285
287
288
289
290
292
292
293
295
296
296
296
298
298
298
300
301
301
303
303
305
305
305
307
309
310
311
311
311
311
311
311
313
314
315
316
318
318
320
322
323
325
327
328
329
330
331
333
334
336
338
338
340
342
344
346
348
348
349
350
350
351
353
354
355
355
357
358
360
361
362
363
364
365
365
367
369
370
370
371
373
374
375
377
378
380
382
384
385
386
388
388
389
391
393
395
397
398
398
398
400
401
403
405
406
406
406
406
408
409
410
410
410
410
410
412
412
413
413
415
416
416
416
416
417
417
417
419
419
419
421
423
423
425
425
425
427
427
428
428
428
428
429
430
432
433
434
435
436
438
440
440
440
440
442
442
442
443
445
447
448
449
451
451
452
452
454
455
455
456
457
458
459
459
460
461
461
461
461
461
463
464
464
465
467
467
467
469
470
472
472
472
472
473
473
474
476
477
479
480
480
480
481
483
483
484
485
486
488
488
489
491
492
494
494
496
498
499
501
503
504
505
506
507
509
510
510
512
512
513
514
514
516
517
519
521
522
523
523
524
526
528
529
530
530
531
531
532
534
536
538
538
540
541
541
543
545
545
547
548
550
551
553
555
556
558
559
559
561
562
563
563
563
563
563
565
566
566
567
569
570
571
571
572
574
574
576
578
580
582
584
585
585
585
585
587
588
589
590
591
593
595
595
596
598
600
601
603
604
605
605
606
606
606
607
607
607
608
609
611
611
611
613
615
616
617
618
618
618
620
622
622
623
625
626
628
628
630
630
632
634
634
634
636
638
639
640
641
641
643
643
643
644
646
647
649
650
650
652
654
655
657
659
659
659
659
660
661
661
663
663
665
666
668
670
670
671
673
673
675
676
677
679
680
681
682
684
684
686
688
689
689
690
692
694
696
696
696
698
700
702
704
704
704
704
706
706
707
707
708
708
710
712
714
715
715
715
716
716
718
719
721
722
723
725
726
726
726
728
729
731
733
733
735
735
735
735
736
736
738
738
740
742
742
742
743
743
744
745
746
748
748
749
750
751
753
753
755
755
755
756
758
760
762
764
766
768
768
769
771
771
771
771
772
772
773
775
776
776
776
777
778
779
780
780
781
781
783
783
785
787
788
790
790
792
793
794
794
795
796
