3
9
9
9
15
21
21
24
24
24
27
30
33
33
33
33
36
42
45
51
51
57
63
66
69
72
72
72
75
78
81
87
90
93
96
96
96
96
96
102
108
111
117
120
123
129
132
135
141
147
150
150
156
156
156
159
165
171
174
177
177
177
180
186
192
192
195
201
207
207
213
216
222
228
231
234
234
240
243
246
252
252
255
261
261
261
264
267
267
270
273
276
276
276
279
282
285
288
291
291
294
294
300
306
306
306
306
309
312
315
318
318
321
327
327
330
333
333
336
336
339
339
339
342
345
345
345
345
348
351
351
351
354
357
360
363
366
366
369
369
369
369
369
372
372
372
375
378
378
378
381
384
384
387
387
387
387
387
390
390
393
393
396
396
396
396
399
399
399
405
405
408
408
408
408
411
414
414
414
417
417
423
426
426
432
432
435
438
438
441
444
447
447
447
450
450
453
453
453
459
459
459
459
459
459
459
459
459
462
462
462
465
465
465
471
474
474
474
474
474
474
474
474
474
474
477
477
480
480
480
483
483
483
483
483
486
489
489
492
492
492
495
495
495
495
495
495
495
495
495
495
495
495
495
495
495
495
495
495
498
501
504
504
504
504
510
510
510
510
510
510
510
510
510
513
513
516
516
519
519
519
519
519
519
519
525
525
525
531
531
531
531
534
537
537
540
540
543
546
546
546
546
546
546
546
546
549
549
549
552
552
552
552
552
552
552
552
552
552
552
555
555
555
555
555
555
555
555
555
555
555
555
555
555
555
555
555
558
558
558
558
558
558
558
561
561
561
561
561
561
561
561
561
561
567
570
570
570
570
570
570
573
573
573
573
573
573
573
573
573
573
573
573
573
573
573
573
573
573
573
573
573
573
573
573
573
573
573
573
573
573
573
576
576
576
576
576
576
576
576
576
576
576
576
576
576
579
579
579
579
579
579
579
579
579
579
579
579
579
579
579
579
579
579
579
579
582
582
582
582
582
582
582
582
582
582
582
585
585
585
585
585
585
585
585
585
585
585
585
585
585
588
588
591
591
591
591
591
591
591
591
591
591
591
591
591
591
591
591
591
591
591
591
591
591
591
591
591
591
591
591
591
591
591
591
591
591
591
591
591
591
591
591
591
591
591
591
591
591
591
591
591
591
591
591
591
591
591
591
591
591
591
591
591
591
591
591
591
591
591
591
591
591
591
591
591
591
594
594
594
594
594
594
594
594
594
594
594
594
594
594
594
594
594
594
594
594
594
594
594
594
594
594
594
594
594
594
594
594
594
594
594
594
594
594
594
594
594
594
594
594
594
594
594
594
594
594
594
594
594
594
594
594
594
594
594
594
594
594
594
594
594
594
597
597
597
597
597
597
597
597
597
597
597
597
597
597
597
597
597
597
597
597
597
597
597
597
597
597
597
597
597
597
597
597
597
600
600
600
600
600
600
600
600
600
600
600
600
600
600
600
600
600
600
600
600
600
600
600
600
600
600
600
600
600
600
600
600
600
600
600
600
600
600
600
600
600
600
600
600
600
600
600
600
600
600
600
600
600
600
600
600
600
600
600
600
600
600
600
600
600
600
600
600
600
600
600
600
600
600
600
600
600
600
600
600
600
600
600
600
600
600
600
600
600
600
600
600
600
600
600
600
600
600
600
600
600
600
600
600
600
600
600
600
600
600
600
600
600
600
600
600
600
600
600
600
600
600
600
600
600
600
600
600
600
600
600
600
600
600
600
600
600
600
600
600
600
600
600
600
600
600
600
600
600
600
600
600
600
600
600
600
600
600
600
600
600
600
600
600
600
600
600
600
600
600
600
600
600
600
