290.86999999999995
391.93
391.93
391.93
492.99
594.05
594.05
765.22
765.22
765.22
816.39
867.56
918.7299999999999
918.7299999999999
918.7299999999999
918.7299999999999
969.8999999999999
1070.96
1122.13
1343.19
1343.19
1444.25
1545.3100000000002
1596.48
1647.65
1818.82
1818.82
1818.82
1869.99
1921.16
1972.33
2073.39
2124.56
2295.7300000000005
2346.9000000000005
2346.9000000000005
2346.9000000000005
2346.9000000000005
2346.9000000000005
2447.96
2549.0200000000004
2600.1900000000005
2821.25
2872.42
2923.5900000000006
3024.65
3075.82
3126.9900000000002
3348.0500000000006
3449.11
3500.28
3500.28
3601.3400000000006
3601.3400000000006
3601.3400000000006
3652.51
3873.57
3974.6300000000006
4025.8
4076.9700000000003
4076.9700000000003
4076.9700000000003
4128.14
4349.2
4450.26
4450.26
4501.43
4602.49
4703.55
4703.55
4924.61
4975.78
5076.84
5177.9
5349.07
5400.24
5400.24
5501.3
5552.469999999999
5603.64
5704.7
5704.7
5875.87
5976.93
5976.93
5976.93
6028.099999999999
6079.27
6079.27
6130.44
6181.61
6232.78
6232.78
6232.78
6403.95
6455.12
6506.29
6557.459999999999
6608.63
6608.63
6523.16
6523.16
6744.22
6845.28
6845.28
6845.28
6845.28
6896.94
6948.110000000001
6999.28
7050.94
7050.94
7102.6
7323.66
7323.66
7374.83
7426.49
7426.49
7478.15
7478.15
7529.32
7529.32
7529.32
7580.9800000000005
7632.639999999999
7632.639999999999
7632.639999999999
7632.639999999999
7804.299999999999
7855.96
7855.96
7855.96
7907.62
7959.28
8010.94
8062.11
8113.28
8113.28
8164.45
8164.45
8164.45
8164.45
8164.45
8336.109999999999
8336.109999999999
8336.109999999999
8387.769999999999
8439.429999999998
8439.429999999998
8439.429999999998
8491.089999999998
8542.26
8542.26
8593.429999999998
8593.429999999998
8593.429999999998
8593.429999999998
8593.429999999998
8645.089999999998
8645.089999999998
8816.259999999998
8816.259999999998
8867.919999999998
8867.919999999998
8867.919999999998
8867.919999999998
8919.58
8919.58
8919.58
9020.64
9020.64
9072.3
9072.3
9072.3
9072.3
9123.959999999997
9175.13
9175.13
9175.13
9346.789999999999
9346.789999999999
9447.849999999999
9499.509999999998
9499.509999999998
9600.57
9600.57
9652.23
9703.89
9703.89
9875.549999999997
9927.21
9978.869999999999
9978.869999999999
9978.869999999999
10030.529999999999
10030.529999999999
10082.189999999999
10082.189999999999
10082.189999999999
10183.25
10183.25
10183.25
10183.25
10183.25
10183.25
10183.25
10183.25
10183.25
10249.56
10249.56
10249.56
10301.22
10301.22
10301.22
10402.279999999999
10453.94
10453.94
10453.94
10453.94
10453.94
10453.94
10453.94
10453.94
10453.94
10453.94
10505.599999999999
10505.599999999999
10556.769999999999
10556.769999999999
10556.769999999999
10608.429999999998
10608.429999999998
10608.429999999998
10608.429999999998
10608.429999999998
10780.089999999998
10831.75
10831.75
10883.41
10883.41
10883.41
10935.07
10935.07
10935.07
10935.07
10935.07
10935.07
10935.07
10935.07
10935.07
10935.07
10935.07
10935.07
10935.07
10935.07
10935.07
10935.07
10935.07
10935.07
10986.729999999998
11038.389999999998
11089.56
11089.56
11089.56
11089.56
11310.619999999999
11310.619999999999
11310.619999999999
11310.619999999999
11310.619999999999
11310.619999999999
11310.619999999999
11310.619999999999
11310.619999999999
11362.279999999999
11362.279999999999
11413.939999999999
11413.939999999999
11465.6
11465.6
11465.6
11465.6
11465.6
11465.6
11465.6
11566.659999999998
11566.659999999998
11566.659999999998
11787.719999999998
11787.719999999998
11787.719999999998
11787.719999999998
11838.89
11890.06
11890.06
11941.72
11941.72
11993.38
12045.039999999999
12045.039999999999
12045.039999999999
12045.039999999999
12045.039999999999
12045.039999999999
12045.039999999999
12045.039999999999
12041.67
12041.67
12041.67
12093.33
12093.33
12093.33
12093.33
12093.33
12093.33
12093.33
12093.33
12093.33
12093.33
12093.33
12264.99
12264.99
12264.99
12264.99
12264.99
12264.99
12264.99
12264.99
12264.99
12264.99
12264.99
12264.99
12264.99
12264.99
12264.99
12264.99
12264.99
12316.159999999998
12316.159999999998
12316.159999999998
12316.159999999998
12316.159999999998
12316.159999999998
12316.159999999998
12367.819999999998
12367.819999999998
12367.819999999998
12367.819999999998
12367.819999999998
12367.819999999998
12367.819999999998
12367.819999999998
12367.819999999998
12367.819999999998
12468.88
12520.539999999999
12520.539999999999
12520.539999999999
12520.539999999999
12520.539999999999
12520.539999999999
12572.199999999999
12572.199999999999
12572.199999999999
12572.199999999999
12572.199999999999
12572.199999999999
12572.199999999999
12572.199999999999
12572.199999999999
12572.199999999999
12572.199999999999
12572.199999999999
12572.199999999999
12572.199999999999
12572.199999999999
12572.199999999999
12572.199999999999
12572.199999999999
12572.199999999999
12572.199999999999
12572.199999999999
12572.199999999999
12572.199999999999
12572.199999999999
12572.199999999999
12572.199999999999
12572.199999999999
12572.199999999999
12572.199999999999
12572.199999999999
12572.199999999999
12623.859999999999
12623.859999999999
12623.859999999999
12623.859999999999
12623.859999999999
12623.859999999999
12623.859999999999
12623.859999999999
12623.859999999999
12623.859999999999
12623.859999999999
12623.859999999999
12623.859999999999
12623.859999999999
12776.16
12776.16
12776.16
12776.16
12776.16
12776.16
12776.16
12776.16
12776.16
12776.16
12776.16
12776.16
12776.16
12776.16
12776.16
12776.16
12776.16
12776.16
12776.16
12776.16
12827.33
12827.33
12827.33
12827.33
12827.33
12827.33
12827.33
12827.33
12827.33
12827.33
12827.33
12878.99
12878.99
12878.99
12878.99
12878.99
12878.99
12878.99
12878.99
12878.99
12878.99
12878.99
12878.99
12878.99
12878.99
12930.649999999998
12930.649999999998
12982.309999999998
12982.309999999998
12982.309999999998
12982.309999999998
12982.309999999998
12982.309999999998
12982.309999999998
12982.309999999998
12982.309999999998
12982.309999999998
12982.309999999998
12982.309999999998
12982.309999999998
12982.309999999998
12982.309999999998
12982.309999999998
12982.309999999998
12982.309999999998
12982.309999999998
12982.309999999998
12982.309999999998
12982.309999999998
12982.309999999998
12982.309999999998
12982.309999999998
12982.309999999998
12982.309999999998
12982.309999999998
12982.309999999998
12982.309999999998
12982.309999999998
12982.309999999998
12982.309999999998
12982.309999999998
12982.309999999998
12982.309999999998
12982.309999999998
12982.309999999998
12982.309999999998
12982.309999999998
12982.309999999998
12982.309999999998
12982.309999999998
12982.309999999998
12982.309999999998
12982.309999999998
12982.309999999998
12982.309999999998
12982.309999999998
12982.309999999998
12982.309999999998
12982.309999999998
12982.309999999998
12982.309999999998
12982.309999999998
12982.309999999998
12982.309999999998
12982.309999999998
12982.309999999998
12982.309999999998
12982.309999999998
12982.309999999998
12982.309999999998
12982.309999999998
12982.309999999998
12982.309999999998
12982.309999999998
12982.309999999998
12982.309999999998
12982.309999999998
12982.309999999998
12982.309999999998
12982.309999999998
12982.309999999998
13023.16
13023.16
13023.16
13023.16
13023.16
13023.16
13023.16
13023.16
13023.16
13023.16
13023.16
13023.16
13023.16
13023.16
13023.16
13023.16
13023.16
13023.16
13023.16
13023.16
13023.16
13023.16
13023.16
13023.16
13023.16
13023.16
13023.16
13023.16
13023.16
13023.16
13023.16
13023.16
13023.16
13023.16
13023.16
13023.16
13023.16
13023.16
13023.16
13023.16
13023.16
13023.16
13023.16
13023.16
13023.16
13023.16
13023.16
13023.16
13023.16
13023.16
13023.16
13023.16
13023.16
13023.16
13023.16
13023.16
13023.16
13023.16
13023.16
13023.16
13023.16
13023.16
13023.16
13023.16
13023.16
13023.16
13074.82
13074.82
13074.82
13074.82
13074.82
13074.82
13074.82
13074.82
13074.82
13074.82
13074.82
13074.82
13074.82
13074.82
13074.82
13074.82
13074.82
13074.82
13074.82
13074.82
13074.82
13074.82
13074.82
13074.82
13074.82
13074.82
13074.82
13074.82
13074.82
13074.82
13074.82
13074.82
13074.82
13241.96
13241.96
13241.96
13241.96
13241.96
13241.96
13241.96
13241.96
13241.96
13241.96
13241.96
13241.96
13241.96
13241.96
13241.96
13241.96
13241.96
13241.96
13241.96
13241.96
13241.96
13241.96
13241.96
13241.96
13241.96
13241.96
13241.96
13241.96
13241.96
13241.96
13241.96
13241.96
13241.96
13241.96
13241.96
13241.96
13241.96
13241.96
13241.96
13241.96
13241.96
13241.96
13241.96
13241.96
13241.96
13241.96
13241.96
13241.96
13241.96
13241.96
13241.96
13241.96
13241.96
13241.96
13241.96
13241.96
13241.96
13241.96
13241.96
13241.96
13241.96
13241.96
13241.96
13241.96
13241.96
13241.96
13241.96
13241.96
13241.96
13241.96
13241.96
13241.96
13241.96
13241.96
13241.96
13241.96
13241.96
13241.96
13241.96
13241.96
13241.96
13241.96
13241.96
13241.96
13241.96
13241.96
13241.96
13241.96
13241.96
13241.96
13241.96
13241.96
13241.96
13241.96
13241.96
13241.96
13241.96
13241.96
13241.96
13241.96
13241.96
13241.96
13241.96
13241.96
13241.96
13241.96
13241.96
13241.96
13241.96
13241.96
13241.96
13241.96
13241.96
13241.96
13241.96
13241.96
13241.96
13241.96
13241.96
13241.96
13241.96
13241.96
13241.96
13241.96
13241.96
13241.96
13241.96
13241.96
13241.96
13241.96
13241.96
13241.96
13241.96
13241.96
13241.96
13241.96
13241.96
13241.96
13241.96
13241.96
13241.96
13241.96
13241.96
13241.96
13241.96
13241.96
13241.96
13241.96
13241.96
13241.96
13241.96
13241.96
13241.96
13241.96
13241.96
13241.96
13241.96
13241.96
13241.96
13241.96
13241.96
13241.96
13241.96
13241.96
13241.96
13241.96
13241.96
13241.96
13241.96
13241.96
13241.96
13241.96
13241.96
13241.96
