0
0
1
1
4
6
7
10
12
13
15
15
17
19
20
22
25
28
30
33
34
35
38
38
41
43
46
46
49
51
54
54
54
54
57
57
57
57
58
61
64
66
68
71
74
76
76
79
81
84
87
88
91
91
93
96
98
98
101
103
106
108
110
110
110
111
114
117
120
122
124
125
128
129
132
133
136
136
139
142
142
145
148
149
152
154
154
156
159
159
159
162
165
165
165
165
167
167
168
168
169
171
173
176
176
176
177
178
179
182
183
184
184
186
187
187
187
188
188
188
190
192
194
197
200
201
201
202
205
206
209
212
215
216
217
220
223
224
227
228
228
229
229
232
234
236
238
240
241
241
244
245
246
249
250
250
253
254
256
256
259
259
260
260
263
266
267
268
268
268
271
271
271
271
274
276
276
277
279
281
283
286
288
291
291
293
295
298
298
298
301
303
304
305
308
311
313
315
318
319
320
322
325
327
327
327
327
328
329
331
334
336
337
338
341
341
342
344
346
349
349
349
350
350
350
350
353
353
353
356
356
356
359
362
364
364
364
367
369
371
373
373
375
375
376
378
380
381
383
385
385
388
388
389
391
394
395
397
398
400
400
403
403
403
405
405
407
407
410
413
414
414
417
419
419
422
425
426
427
428
429
429
429
431
432
433
434
435
435
435
438
439
440
440
440
442
444
446
448
451
453
453
453
454
455
456
457
457
459
459
459
462
464
465
465
466
466
466
468
468
469
470
470
472
472
474
474
477
477
477
477
480
480
482
482
483
485
487
487
487
488
491
493
493
493
493
495
495
496
496
496
497
499
501
502
502
502
502
502
503
503
504
505
507
508
510
510
511
511
512
512
515
515
516
516
516
516
516
516
516
518
518
518
518
520
521
524
524
525
528
528
528
529
532
534
534
534
534
534
535
535
537
537
537
539
540
543
544
544
544
544
544
544
544
545
545
545
545
545
545
547
547
547
548
548
548
548
548
548
548
548
548
548
548
548
549
550
550
550
550
550
550
550
550
550
550
550
550
550
551
551
551
551
551
551
551
551
552
552
553
553
553
553
553
553
553
553
554
554
554
554
555
555
557
557
557
557
560
560
560
561
561
562
562
562
562
562
562
563
565
565
565
565
565
566
567
567
569
569
570
570
570
570
570
570
570
570
570
570
570
570
570
571
571
571
571
572
572
572
572
572
573
573
573
573
574
574
574
574
574
574
574
574
574
574
575
575
575
575
575
575
575
575
575
575
575
575
575
575
575
575
575
575
575
575
575
575
577
577
577
577
577
577
577
577
577
577
577
577
577
577
578
578
578
578
578
578
579
579
579
579
579
579
579
579
579
579
579
580
581
581
581
581
581
581
581
581
581
581
581
583
583
583
583
583
585
585
585
585
585
585
585
585
585
585
585
586
586
586
586
586
587
587
587
587
587
587
589
589
589
589
589
589
589
589
589
589
589
589
589
589
589
589
589
589
589
589
589
589
589
589
589
589
589
589
589
589
589
589
589
589
589
591
593
593
593
593
593
593
593
593
593
593
593
593
593
593
593
593
593
593
593
593
593
593
593
593
593
593
593
593
593
593
593
593
593
593
593
593
593
593
593
593
593
593
593
593
593
593
593
593
593
593
593
593
595
595
595
595
595
595
595
595
595
595
595
595
595
595
595
595
595
595
595
595
595
595
595
595
595
595
595
595
595
595
595
595
595
595
595
595
595
595
595
595
595
595
595
595
595
595
595
595
597
597
597
597
597
597
597
597
597
597
597
597
597
597
597
597
597
597
597
597
597
597
597
597
597
597
597
597
597
597
599
599
599
599
599
599
599
