259.42
279.14
298.86
318.58
338.3
358.02
377.74
397.46
417.18
436.9
456.62
476.34
496.06
515.78
535.5
555.22
574.9399999999999
594.66
614.3799999999999
754.0999999999999
773.8199999999999
793.54
813.26
832.9799999999999
852.6999999999999
872.42
892.14
911.8599999999999
931.5799999999999
951.3
971.02
990.7399999999999
1010.4599999999999
1030.1799999999998
1049.9
1069.6200000000001
1089.3400000000001
1109.06
1128.78
1268.5
1288.22
1307.94
1327.66
1347.38
1367.1000000000001
1386.82
1406.54
1426.26
1445.98
1465.7
1485.42
1505.14
1524.8600000000001
1544.58
1564.3
1584.02
1603.74
1623.46
1643.18
1782.9
1802.6200000000001
1822.34
1842.06
1861.78
1881.5
1901.22
1920.94
1940.66
1960.38
1980.1
1999.82
2019.54
2039.26
2058.98
2078.7
2098.42
2118.14
2137.8599999999997
2157.5800000000004
2297.3
2317.0200000000004
2336.7400000000002
2356.46
2376.1800000000003
2395.9
2415.6200000000003
2435.34
2455.0600000000004
2474.78
2494.5
2514.2200000000003
2533.94
2553.6600000000003
2573.38
2593.1000000000004
2612.82
2632.5400000000004
2652.26
2671.98
2811.7000000000003
2831.42
2851.1400000000003
2870.86
2890.5800000000004
2910.3
2930.02
2949.7400000000002
2969.46
2989.1800000000003
3008.9
3028.6200000000003
3048.34
3068.0600000000004
3087.78
3107.5
3127.2200000000003
3146.94
3166.6600000000003
3186.38
3326.1000000000004
3345.82
3365.54
3385.26
3404.98
3424.7000000000003
3444.42
3464.1400000000003
3483.86
3503.5800000000004
3523.3
3543.02
3562.7400000000002
3582.46
3602.1800000000003
3621.9
3641.6200000000003
3661.34
3681.06
3700.78
3840.5
3860.2200000000003
3879.94
3899.6600000000003
3919.38
3939.1000000000004
3958.82
3978.54
3998.26
4017.98
4037.7000000000003
4057.42
4077.1400000000003
4096.860000000001
4116.58
4136.3
4156.02
4175.74
4195.46
4215.179999999999
4354.9
4374.62
4394.339999999999
4414.0599999999995
4433.78
4453.5
4473.219999999999
4492.94
4512.66
4532.38
4552.099999999999
4571.82
4591.54
4611.259999999999
4630.98
4650.7
4670.42
4690.139999999999
4709.86
4729.58
4869.299999999999
4889.0199999999995
4908.74
4928.46
4948.179999999999
4967.9
4987.62
5007.339999999999
5027.0599999999995
5046.78
5066.5
5086.219999999999
5105.94
5125.66
5145.379999999999
5165.099999999999
5184.82
5204.54
5224.259999999999
5243.98
5383.7
5403.42
5423.139999999999
5442.86
5462.58
5482.299999999999
5502.0199999999995
5521.74
5541.46
5561.179999999999
5580.9
5600.62
5620.339999999999
5640.0599999999995
5659.78
5679.5
5699.219999999999
5718.94
5738.66
5758.379999999999
5898.099999999999
5917.82
5937.54
5957.259999999999
5976.98
5996.7
6016.42
6036.139999999999
6055.86
6075.58
6095.299999999999
6115.0199999999995
6134.74
6154.46
6174.179999999999
6193.9
6213.62
6233.339999999999
6253.0599999999995
6272.78
6412.5
6432.219999999999
6451.94
6471.66
6491.379999999999
6511.099999999999
6530.82
6550.54
6570.259999999999
6589.98
6609.7
6629.419999999999
6649.139999999999
6668.86
6688.58
6708.299999999999
6728.0199999999995
6747.74
6767.459999999999
6787.179999999999
6926.9
6946.62
6966.339999999999
6986.0599999999995
7005.78
7025.5
7045.219999999999
7064.94
7084.66
7104.379999999999
7124.099999999999
7143.82
7163.54
7183.259999999999
7202.98
7222.7
7242.419999999999
7262.139999999999
7281.86
7301.58
7441.299999999999
7461.0199999999995
7480.74
7500.459999999999
7520.179999999999
7539.9
7559.62
7579.339999999999
7599.0599999999995
7618.78
7638.5
7658.219999999999
7677.94
7697.66
7717.379999999999
7737.099999999999
7756.82
7776.54
7796.259999999999
7815.98
7955.7
7975.419999999999
7995.139999999999
8014.86
8034.58
8054.299999999999
8074.0199999999995
8093.74
8113.459999999999
8133.179999999999
8152.9
8172.62
8192.34
8212.06
8231.779999999999
8251.5
8271.22
8290.939999999999
8310.66
8330.38
8470.099999999999
8489.819999999998
8509.539999999999
8529.259999999998
8548.979999999998
8568.699999999999
8588.419999999998
8608.14
8627.859999999999
8647.579999999998
8667.3
8687.019999999999
8706.739999999998
8726.46
8746.179999999998
8765.899999999998
8785.619999999999
8805.339999999998
8825.059999999998
8844.779999999999
8984.499999999998
9004.22
9023.939999999999
9043.659999999998
9063.38
9083.099999999999
9102.819999999998
9122.539999999999
9142.259999999998
9161.979999999998
9181.699999999999
9201.419999999998
9221.14
9240.859999999999
9260.579999999998
9280.3
9300.019999999999
9319.739999999998
9339.46
9359.179999999998
9498.899999999998
9518.619999999999
9538.339999999998
9558.06
9577.779999999999
9597.499999999998
9617.22
9636.939999999999
9656.659999999998
9676.38
9696.099999999999
9715.82
9735.539999999999
9755.259999999998
9774.98
9794.699999999999
9814.419999999998
9834.14
9853.859999999999
9873.58
10013.3
10033.019999999999
10052.74
10072.46
10092.179999999998
10111.9
10131.619999999999
10151.34
10171.06
10190.779999999999
10210.5
10230.22
10249.939999999999
10269.66
10289.38
10309.1
10328.82
10348.539999999999
10368.26
10387.98
10527.699999999999
10596.56
10665.419999999998
10734.28
10803.14
10872.0
11060.859999999999
11129.72
11198.58
11267.44
11336.3
11405.16
11594.019999999999
11662.880000000001
11731.74
11800.599999999999
11869.46
12058.319999999998
12127.18
12196.039999999999
12264.9
12333.759999999998
12402.619999999999
12591.48
12660.34
12729.199999999999
12798.06
12866.919999999998
13055.78
13124.64
13193.5
13262.359999999999
13331.219999999998
13400.08
13588.939999999999
13657.8
13726.659999999998
13795.519999999999
13864.38
14053.24
14122.099999999999
14190.96
14259.819999999998
14328.68
14397.539999999999
14586.4
14655.259999999998
14724.119999999999
14792.98
14861.839999999998
15050.699999999999
15119.559999999998
15188.419999999998
15257.279999999999
15326.14
15394.999999999998
15583.859999999999
15652.719999999998
15721.58
15790.439999999999
15859.3
15928.159999999998
16117.019999999999
16185.88
16254.739999999998
16323.599999999999
16392.46
16581.319999999996
16650.18
16719.039999999997
16787.9
16856.760000000002
16925.62
17114.48
17183.34
17252.2
17321.06
17389.92
17578.780000000002
17647.64
17716.5
17785.36
17854.219999999998
17923.08
18111.94
18180.8
18249.66
18318.52
18387.38
18576.239999999998
18645.1
18713.960000000003
18782.82
18851.68
18920.539999999997
19109.4
19178.260000000002
19247.12
19315.98
19384.839999999997
19573.7
19573.7
19573.7
19573.7
19573.7
19573.7
19573.7
19573.7
19573.7
19573.7
19573.7
19573.7
19573.7
19573.7
19573.7
19573.7
19573.7
19573.7
19573.7
19573.7
19573.7
19573.7
19573.7
19573.7
19573.7
19573.7
19573.7
19573.7
19573.7
19573.7
19573.7
19573.7
19573.7
19573.7
19573.7
19573.7
19573.7
19573.7
19573.7
19573.7
19573.7
19573.7
19573.7
19573.7
19573.7
19573.7
19573.7
19573.7
19573.7
19573.7
19573.7
19573.7
19573.7
19573.7
19573.7
19573.7
19573.7
19573.7
19573.7
19573.7
19573.7
19573.7
19573.7
19573.7
19573.7
19573.7
19573.7
19573.7
19573.7
19573.7
19573.7
19573.7
19573.7
19573.7
19573.7
19573.7
19573.7
19573.7
19573.7
19573.7
19573.7
19573.7
19573.7
19573.7
19573.7
19573.7
19573.7
19573.7
19573.7
19573.7
19573.7
19573.7
19573.7
19573.7
19573.7
19573.7
19573.7
19573.7
19573.7
19573.7
19573.7
19573.7
19573.7
19573.7
19573.7
19573.7
19573.7
19573.7
19573.7
19573.7
19573.7
19573.7
19573.7
19573.7
19573.7
19573.7
19573.7
19573.7
19573.7
19573.7
19573.7
19573.7
19573.7
19573.7
19573.7
19573.7
19573.7
19573.7
19573.7
19573.7
19573.7
19573.7
19573.7
19573.7
19573.7
19573.7
19573.7
19573.7
19573.7
19573.7
19573.7
19573.7
19573.7
19573.7
19573.7
19573.7
19573.7
19573.7
19573.7
19573.7
19573.7
19573.7
19573.7
19573.7
19573.7
19573.7
19573.7
19573.7
19573.7
19573.7
19573.7
19573.7
19573.7
19573.7
19573.7
19573.7
19573.7
19573.7
19573.7
19573.7
19573.7
19573.7
19573.7
19573.7
19573.7
19573.7
19573.7
19573.7
19573.7
19573.7
19573.7
19573.7
19573.7
19573.7
19573.7
19573.7
19573.7
19573.7
19573.7
19573.7
19573.7
19573.7
19573.7
19573.7
19573.7
19573.7
19573.7
19573.7
19573.7
19573.7
19573.7
19573.7
19573.7
19573.7
19573.7
19573.7
19573.7
19573.7
19573.7
19573.7
19573.7
19573.7
19573.7
19573.7
19573.7
19573.7
19573.7
19573.7
19573.7
19573.7
19573.7
19573.7
19573.7
19573.7
19573.7
19573.7
19573.7
19573.7
19573.7
19573.7
19573.7
19573.7
19573.7
19573.7
19573.7
19573.7
19573.7
19573.7
19573.7
19573.7
19573.7
19573.7
19573.7
19573.7
19573.7
19573.7
19573.7
19573.7
19573.7
19573.7
19573.7
19573.7
19573.7
19573.7
19573.7
19573.7
19573.7
19573.7
19573.7
19573.7
19573.7
19573.7
19573.7
19573.7
19573.7
19573.7
19573.7
19573.7
19573.7
19573.7
19573.7
19573.7
19573.7
19573.7
19573.7
19573.7
19573.7
19573.7
19573.7
19573.7
19573.7
19573.7
19573.7
19573.7
19573.7
19573.7
19573.7
19573.7
19573.7
19573.7
19573.7
19573.7
19573.7
19573.7
19573.7
19573.7
19573.7
19573.7
19573.7
19573.7
19573.7
