259.41999999999996
278.41999999999996
297.41999999999996
316.41999999999996
335.41999999999996
354.41999999999996
373.41999999999996
392.41999999999996
411.41999999999996
430.41999999999996
449.41999999999996
468.41999999999996
487.41999999999996
506.41999999999996
525.42
544.42
563.42
582.42
601.42
740.42
759.42
778.42
797.42
816.42
835.42
854.42
873.42
892.42
911.42
930.42
949.42
968.42
987.42
1006.42
1025.42
1044.42
1063.42
1082.42
1101.42
1240.42
1259.42
1278.42
1297.42
1316.42
1335.42
1354.42
1373.42
1392.42
1411.42
1430.42
1449.42
1468.42
1487.42
1506.42
1525.42
1544.42
1563.42
1582.42
1601.42
1740.42
1759.42
1778.42
1797.42
1816.42
1835.42
1854.42
1873.42
1892.42
1911.42
1930.42
1949.42
1968.42
1987.42
2006.42
2025.42
2044.42
2063.42
2082.42
2101.42
2240.42
2259.42
2278.42
2297.42
2316.42
2335.42
2354.42
2373.42
2392.42
2411.42
2430.42
2449.42
2468.42
2487.42
2506.42
2525.42
2544.42
2563.42
2582.42
2601.42
2740.42
2759.42
2778.42
2797.42
2816.42
2835.42
2854.42
2873.42
2892.42
2911.42
2930.42
2949.42
2968.42
2987.42
3006.42
3025.42
3044.42
3063.42
3082.42
3101.42
3240.42
3259.42
3278.42
3297.42
3316.42
3335.42
3354.42
3373.42
3392.42
3411.42
3430.42
3449.42
3468.42
3487.42
3506.42
3525.42
3544.42
3563.42
3582.42
3601.42
3740.42
3759.42
3778.42
3797.42
3816.42
3835.42
3854.42
3873.42
3892.42
3911.42
3930.42
3949.42
3968.42
4017.59
4036.82
4055.82
4074.82
4093.82
4112.82
4251.82
4270.82
4289.82
4308.82
4327.82
4346.82
4365.82
4384.82
4403.82
4422.82
4441.82
4490.99
4510.22
4529.22
4548.22
4567.22
4586.22
4755.389999999999
4774.62
4793.62
4812.62
4831.62
4850.62
4899.79
4919.02
4938.02
4957.02
4976.02
4995.02
5014.02
5033.02
5052.02
5071.02
5090.02
5259.19
5278.42
5327.589999999999
5346.82
5365.82
5384.82
5403.82
5422.82
5441.82
5460.82
5479.82
5498.82
5547.99
5567.22
5586.22
5605.22
5744.22
5763.22
5782.22
5801.22
5850.389999999999
5869.62
5888.62
5907.62
5926.62
5975.79
5995.02
6044.19
6063.42
6082.42
6101.42
6270.589999999999
6289.82
6308.82
6357.99
6377.22
6396.22
6415.22
6434.22
6483.389999999999
6502.62
6521.62
6540.62
6589.79
6609.02
6748.02
6767.02
6786.02
6805.02
6824.02
6843.02
6862.02
6881.02
6900.02
6919.02
6938.02
6987.19
7006.42
7025.42
7044.42
7063.42
7082.42
7101.42
7240.42
7259.42
7278.42
7297.42
7316.42
7335.42
7354.42
7373.42
7392.42
7411.42
7430.42
7449.42
7468.42
7487.42
7506.42
7525.42
7544.42
7563.42
7582.42
7601.42
7740.42
7759.42
7778.42
7797.42
7846.589999999999
7865.82
7884.82
7903.82
7922.82
7941.82
7960.82
7979.82
7998.82
8017.82
8036.82
8055.82
8074.82
8093.82
8112.82
8251.82
8270.82
8289.82
8338.99
8358.22
8377.22
8396.22
8415.22
8434.22
8453.22
8472.22
8491.22
8510.22
8559.390000000001
8578.62
8597.62
8616.62
8755.62
8804.79
8824.02
8873.19
8922.59
8941.82
8960.82
8979.82
8998.82
9017.82
9036.82
9055.82
9074.82
9093.82
9112.82
9251.82
9270.82
9319.99
9369.390000000001
9388.62
9407.62
9456.79
9506.19
9525.42
9574.59
9593.82
9762.99
9812.390000000001
9831.62
9880.79
9900.02
9919.02
9968.19
9987.42
10036.59
10055.82
10104.99
10244.22
10263.22
10282.22
10301.22
10320.22
10339.22
10388.390000000001
10407.62
10456.79
10476.02
10525.19
10544.42
10593.59
10612.82
10781.99
10831.390000000001
10850.62
10899.79
10949.19
10968.42
11017.59
11036.82
11055.82
11074.82
11243.99
11263.22
11312.390000000001
11361.79
11381.02
11430.19
11449.42
11498.59
11547.99
11567.22
11586.22
11755.390000000001
11804.79
11824.02
11873.19
11892.42
11911.42
11960.59
11979.82
11998.82
12017.82
12066.99
12086.22
12255.390000000001
12304.79
12324.02
12343.02
12392.19
12411.42
12460.59
12479.82
12498.82
12517.82
12536.82
12555.82
12574.82
12593.82
12762.99
12812.390000000001
12861.79
12881.02
12900.02
12949.19
12998.59
13017.82
13066.99
13116.390000000001
13255.62
13304.79
13354.19
13403.59
13422.82
13471.99
13491.22
13540.390000000001
13559.62
13578.62
13597.62
13766.79
13816.19
13865.59
13914.99
13934.22
13953.22
13972.22
14021.390000000001
14040.62
14059.62
14078.62
14097.62
14266.79
14316.19
14335.42
14354.42
14403.59
14422.82
14471.99
14491.22
14540.390000000001
14559.62
14578.62
14597.62
14766.79
14786.02
14805.02
14824.02
14843.02
14892.19
14911.42
14930.42
14979.59
14998.82
15017.82
15066.99
15086.22
15255.390000000001
15274.62
15323.79
15343.02
15362.02
15381.02
15400.02
15449.19
15468.42
15517.59
15536.82
15585.99
15605.22
15774.390000000001
15823.79
15843.02
15862.02
15911.19
15930.42
15949.42
15998.59
16047.99
16097.390000000001
16266.79
16316.19
16335.42
16384.59
16433.989999999998
16453.219999999998
16472.219999999998
16521.39
16570.789999999997
16740.19
