0
0
1
1
4
6
7
10
12
13
15
15
17
19
20
22
25
28
30
33
34
35
38
38
41
43
46
46
49
51
54
54
54
54
57
57
57
57
58
61
64
66
68
71
74
76
76
79
81
84
87
88
91
91
93
96
98
98
101
103
106
108
110
110
110
111
114
117
120
122
124
125
128
129
132
133
136
136
139
142
142
145
148
149
152
154
154
156
159
159
159
162
165
165
165
165
167
167
168
168
169
171
173
176
176
176
177
178
179
182
183
184
184
186
187
187
187
188
188
188
190
192
195
198
205
206
206
207
214
215
222
225
228
229
230
233
236
237
240
241
241
242
242
249
252
254
256
259
260
260
267
268
269
272
273
273
277
278
281
281
288
288
289
289
292
295
296
297
297
297
301
301
301
301
308
310
310
311
314
317
319
326
329
332
332
334
336
340
340
340
343
346
347
348
351
354
356
358
361
362
363
365
372
375
375
375
375
377
378
384
391
393
394
396
400
400
401
407
409
416
416
416
420
420
420
420
427
427
427
434
434
434
441
444
450
450
450
453
459
465
468
468
470
470
474
480
482
486
489
492
492
496
496
497
500
507
511
513
517
519
519
523
523
523
526
526
532
532
539
543
547
547
554
556
556
563
570
571
575
579
580
580
580
586
587
589
590
594
594
594
601
605
607
607
607
610
616
618
624
627
629
629
629
633
634
635
636
636
642
642
642
649
652
656
656
657
657
657
663
663
664
665
665
668
668
671
671
674
674
674
674
681
681
687
687
688
691
697
697
697
701
708
714
714
714
714
720
720
724
724
724
728
734
740
744
744
744
744
744
746
746
750
751
753
757
763
763
765
765
769
769
772
772
773
773
773
773
773
773
773
776
776
776
776
782
786
793
793
794
797
797
797
801
804
807
807
807
807
807
809
809
815
815
815
821
822
829
833
833
833
833
833
833
833
837
837
837
837
837
837
843
843
843
847
847
847
847
847
847
847
847
847
847
847
847
849
853
853
853
853
853
853
853
853
853
853
853
853
853
857
857
857
857
857
857
857
857
858
858
862
862
862
862
862
862
862
862
866
866
866
866
868
868
874
874
874
874
878
878
878
882
882
886
886
886
886
886
886
888
891
891
891
891
891
895
899
899
905
905
909
909
909
909
909
909
909
909
909
909
909
909
909
913
913
913
913
915
915
915
915
915
917
917
917
917
921
921
921
921
921
921
921
921
921
921
925
925
925
925
925
925
925
925
925
925
925
925
925
925
925
925
925
925
925
925
925
925
931
931
931
931
931
931
931
931
931
931
931
931
931
931
935
935
935
935
935
935
939
939
939
939
939
939
939
939
939
939
939
943
947
947
947
947
947
947
947
947
947
947
947
953
953
953
953
953
959
959
959
959
959
959
959
959
959
959
959
963
963
963
963
963
967
967
967
967
967
967
973
973
973
973
973
973
973
973
973
973
973
973
973
973
973
973
973
973
973
973
973
973
973
973
973
973
973
973
973
973
973
973
973
973
973
979
981
981
981
981
981
981
981
981
981
981
981
981
981
981
981
981
981
981
981
981
981
981
981
981
981
981
981
981
981
981
981
981
981
981
981
981
981
981
981
981
981
981
981
981
981
981
981
981
981
981
981
981
984
984
984
984
984
984
984
984
984
984
984
984
984
984
984
984
984
984
984
984
984
984
984
984
984
984
984
984
984
984
984
984
984
984
984
984
984
984
984
984
984
984
984
984
984
984
984
984
990
990
990
990
990
990
990
990
990
990
990
990
990
990
990
990
990
990
990
990
990
990
990
990
990
990
990
990
990
990
996
996
996
996
996
996
996
