1
2
3
4
5
6
7
8
9
10
11
12
13
14
15
16
17
18
19
20
21
22
23
24
25
26
27
28
29
30
31
32
33
34
35
36
37
38
39
40
41
42
43
44
45
46
47
48
49
50
51
52
53
54
55
56
57
58
59
60
61
62
63
64
65
66
67
68
69
70
71
72
73
74
75
76
77
78
79
80
81
82
83
84
85
86
87
88
89
90
91
92
93
94
95
96
97
98
99
100
101
102
103
104
105
106
107
108
109
110
111
112
113
114
115
116
117
118
119
120
121
122
123
124
125
126
127
128
129
130
131
132
133
134
135
136
137
138
139
140
141
142
143
144
145
146
147
148
149
150
151
152
155
156
157
158
159
160
161
162
163
164
165
166
167
168
169
170
171
174
175
176
177
178
179
182
183
184
185
186
187
190
191
192
193
194
195
196
197
198
199
200
203
204
207
208
209
210
211
212
213
214
215
216
219
220
221
222
223
224
225
226
229
230
231
232
233
236
237
240
241
242
243
246
247
248
251
252
253
254
255
258
259
260
261
264
265
266
267
268
269
270
271
272
273
274
275
276
279
280
281
282
283
284
285
286
287
288
289
290
291
292
293
294
295
296
297
298
299
300
301
302
303
304
305
306
307
308
309
312
313
314
315
316
317
318
319
320
321
322
323
324
325
326
327
328
329
332
333
334
335
336
337
338
339
340
341
344
345
346
347
348
351
352
355
358
359
360
361
362
363
364
365
366
367
368
369
370
373
376
377
378
381
384
385
388
389
392
395
396
399
400
401
404
405
408
409
412
413
414
415
416
417
418
421
422
425
426
429
430
433
434
437
440
441
444
447
448
451
452
453
454
457
458
461
464
465
468
469
472
475
476
477
480
483
484
487
488
489
492
493
494
495
498
499
502
505
506
507
510
511
514
515
516
517
518
519
520
521
524
527
530
531
532
535
538
539
542
545
546
549
552
555
556
559
560
563
564
565
566
569
572
575
578
579
580
581
584
585
586
587
588
591
594
595
596
599
600
603
604
607
608
609
610
613
614
615
616
617
620
621
622
625
626
627
630
631
634
635
638
639
640
641
642
645
646
649
650
653
654
657
660
661
662
665
666
667
670
673
676
679
682
683
686
689
690
691
694
697
700
