0
0
0
0
0
0
0
0
0
0
0
0
0
0
0
0
0
0
0
0
0
0
0
0
0
0
0
0
0
0
0
0
0
0
0
0
0
0
0
0
0
0
0
0
0
0
0
0
0
0
0
0
0
0
0
0
0
0
0
0
0
0
0
0
0
0
0
0
0
0
0
0
0
0
0
0
0
0
0
0
0
0
0
0
0
0
0
0
0
0
0
0
0
0
0
0
0
0
0
0
0
0
0
0
0
0
0
0
0
0
0
0
0
0
0
0
0
0
0
0
0
0
0
0
0
0
0
0
0
0
0
0
0
0
0
0
0
0
0
0
0
0
0
0
0
0
0
0
0
0
0
0
0
0
0
0
0
0
0
0
0
0
0
0
0
0
0
0
0
0
0
0
0
0
0
0
0
0
0
0
0
0
0
0
0
0
0
0
0
0
0
0
0
0
0
0
0
0
0
0
0
0
0
0
0
0
0
0
0
1
1
1
1
1
1
1
1
2
2
2
2
2
2
2
7
7
7
7
12
12
17
17
17
17
18
18
18
18
18
19
19
19
19
19
19
20
20
22
22
22
28
28
28
28
28
28
29
29
29
29
34
34
34
34
34
34
34
34
34
34
35
35
35
35
39
39
39
39
40
42
42
48
48
48
48
48
48
48
48
48
48
49
49
49
49
49
50
50
50
50
50
50
50
50
50
50
50
50
50
58
58
58
58
58
58
58
58
66
66
66
66
66
74
74
76
76
81
81
81
86
89
89
89
89
95
95
95
96
102
102
102
102
103
108
108
116
117
117
118
118
121
123
124
124
126
132
141
141
141
141
143
145
145
145
147
148
154
154
159
160
168
168
174
174
177
177
177
177
177
186
186
187
187
187
187
187
187
187
187
187
187
194
195
195
195
195
195
195
200
200
200
201
205
212
212
212
212
213
218
221
221
225
225
231
232
232
232
233
238
244
244
244
244
246
246
246
248
248
248
250
250
256
260
265
268
268
270
278
279
286
286
292
300
302
308
309
316
324
333
334
335
335
342
342
352
352
354
354
361
363
366
374
374
374
382
388
388
389
390
397
398
398
399
400
400
404
404
404
404
405
405
407
408
414
421
428
428
435
435
435
439
439
448
448
448
448
456
456
459
460
460
467
467
470
475
475
475
483
485
487
491
494
496
498
506
506
506
508
509
510
517
517
518
526
526
527
529
529
529
530
530
530
531
534
537
538
548
548
549
551
559
562
562
565
566
567
570
572
575
575
577
577
579
579
581
581
583
584
587
587
587
589
589
589
590
591
594
594
596
596
597
599
599
606
609
611
617
618
625
625
633
633
641
643
644
647
647
647
647
648
651
651
654
654
662
670
672
678
681
681
681
684
684
684
686
686
691
692
692
694
695
695
704
706
707
707
709
709
710
711
711
712
713
714
714
722
722
722
722
724
726
726
726
728
728
735
738
738
739
742
742
742
745
747
750
751
752
753
754
761
763
772
774
779
782
783
784
790
790
800
802
803
803
803
803
806
809
817
819
820
822
832
834
836
839
840
842
850
852
852
854
855
855
855
857
860
865
868
876
884
887
888
891
891
892
895
895
898
899
907
914
914
914
916
917
923
924
924
926
929
932
935
937
939
939
939
939
941
941
943
943
943
946
947
949
951
953
959
960
961
961
962
965
965
966
967
970
973
975
978
980
983
983
983
983
985
985
988
990
992
994
997
999
1000
1003
1004
1004
1006
1008
1009
1011
1011
1011
1012
1014
1017
1017
1019
1019
1020
1021
1024
1024
1025
1025
1028
1031
1032
1034
1034
1037
1038
1039
1039
1042
1044
1044
1044
1045
1045
1045
1048
1049
1050
1051
1054
1056
1057
1057
1060
