0
1
4
5
6
7
10
11
11
11
13
13
14
16
16
16
19
21
23
23
24
27
27
29
30
32
35
38
40
43
45
47
47
49
49
50
53
54
57
59
60
62
62
62
65
66
68
68
69
72
72
73
75
77
78
80
80
80
82
84
87
88
88
88
91
92
95
97
100
103
104
106
106
109
112
115
117
119
120
122
122
123
124
127
127
130
132
133
134
137
138
138
138
141
141
141
142
144
147
147
150
150
154
157
158
160
160
162
164
165
167
168
171
173
175
176
183
184
186
189
190
194
197
197
200
205
212
212
212
213
214
215
217
218
218
219
220
220
221
226
226
226
229
230
231
233
234
235
235
235
236
238
243
243
244
249
252
254
254
256
256
258
260
263
267
270
277
279
280
281
284
289
291
291
291
295
295
297
297
298
298
300
303
307
310
314
316
319
320
324
326
327
328
332
334
334
336
337
344
346
353
353
353
359
361
365
372
376
376
379
385
387
387
393
393
394
394
401
407
414
416
416
423
425
431
434
434
438
438
441
442
442
447
448
449
449
455
458
464
464
464
464
465
467
467
468
475
475
476
476
479
479
479
484
484
487
488
489
489
489
489
489
490
497
500
500
500
503
509
515
515
518
523
524
525
525
525
528
529
530
530
531
537
540
547
547
547
550
555
555
555
556
559
559
559
560
567
568
568
570
570
572
575
575
578
578
578
581
586
592
592
592
598
598
598
598
598
598
598
598
604
607
607
610
610
610
610
613
613
616
622
629
629
635
638
638
638
641
641
644
647
652
658
662
668
674
674
675
677
677
683
684
687
687
692
692
692
692
693
693
697
698
699
699
699
705
705
708
708
708
714
714
714
720
726
729
731
734
736
736
739
739
739
739
739
739
739
739
739
739
743
745
745
745
750
750
750
750
750
756
756
756
756
756
756
756
756
756
759
759
759
763
763
763
768
770
770
770
770
770
770
770
770
773
773
773
773
773
774
774
774
774
777
777
783
783
783
783
783
783
789
789
789
789
789
789
789
790
793
794
794
800
800
803
803
803
809
809
809
809
812
812
818
818
818
818
818
818
818
818
818
818
818
818
818
818
824
824
830
836
837
837
837
837
837
837
843
843
846
849
849
855
861
861
861
863
863
863
863
863
863
864
864
864
864
864
864
864
864
864
864
864
864
864
864
867
867
867
867
867
867
867
867
867
867
867
867
867
868
868
868
868
868
868
868
868
868
871
871
871
871
871
871
871
871
871
871
878
878
878
878
878
878
878
881
881
881
881
885
888
888
894
894
894
894
894
894
894
894
894
894
894
894
894
894
894
894
894
894
894
900
900
900
900
900
903
903
903
903
903
903
903
903
906
906
913
913
919
919
919
919
919
919
919
922
925
925
925
925
925
925
928
928
928
928
928
928
928
928
928
928
928
928
928
928
928
928
928
934
934
934
934
934
934
934
939
939
939
939
939
939
939
939
939
939
939
939
939
942
945
945
945
945
945
945
945
945
952
952
955
955
955
955
955
955
955
955
955
955
955
955
955
958
958
958
958
958
958
958
958
958
964
964
964
964
964
964
964
964
964
964
964
964
964
964
964
964
964
964
964
964
970
970
970
970
970
970
970
970
970
970
970
970
970
973
973
973
973
973
973
973
973
973
973
973
973
973
973
973
973
973
973
973
973
973
973
973
973
973
973
973
976
976
979
979
979
979
979
979
982
982
982
982
982
982
982
982
982
982
982
982
982
982
982
982
982
982
982
982
982
982
982
982
982
982
982
982
982
982
982
982
982
982
982
982
982
982
982
982
982
985
985
985
985
988
988
988
988
988
988
