159.44
198.88
238.32
258.04
277.76
297.48
317.2
336.92
356.64
396.08
435.52
474.96
494.68
634.4
673.84
693.56
733.0
752.72
772.44
792.16
811.88
851.32
890.76
910.48
930.2
969.64
1009.08
1168.52
1188.24
1227.68
1247.4
1286.84
1306.56
1326.28
1365.72
1405.16
1444.6
1484.04
1503.76
1663.2
1682.92
1722.36
1761.8
1781.52
1801.24
1820.96
1860.3999999999999
1880.12
1919.56
1959.0
1998.44
2018.1599999999999
2177.6
2217.04
2236.7599999999998
2256.48
2276.2
2315.64
2335.36
2374.8
2394.52
2433.96
2473.4
2512.84
2552.2799999999997
2711.72
2731.44
2751.16
2790.6
2830.04
2849.7599999999998
2889.2
2928.64
2968.08
2987.7999999999997
3027.24
3066.68
3226.12
3245.84
3285.2799999999997
3324.72
3344.44
3383.88
3423.3199999999997
3462.7599999999998
3502.2
3541.64
3561.3599999999997
3581.08
3740.52
3760.24
3779.96
3819.4
3839.12
3878.56
3898.2799999999997
3918.0
3957.44
3977.16
3996.88
4016.6
4036.3199999999997
4056.04
4075.7599999999998
4235.2
4254.92
4294.36
4314.08
4333.8
4373.24
4392.96
4432.4
4471.84
4511.28
4550.72
4570.44
4590.16
4609.88
4769.32
4789.04
4828.48
4867.92
4887.639999999999
4927.08
4946.8
4966.5199999999995
5005.96
5045.4
5084.84
5104.5599999999995
5264.0
5283.72
5323.16
5362.599999999999
5382.32
5421.76
5441.48
5461.2
5500.639999999999
5520.36
5559.8
5579.5199999999995
5618.96
5638.679999999999
5798.12
5817.84
5837.5599999999995
5877.0
5896.719999999999
5916.44
5955.88
5995.32
6034.76
6074.2
6113.639999999999
6153.08
6312.5199999999995
6351.96
6371.679999999999
6411.12
6450.5599999999995
6470.28
6509.719999999999
6529.44
6568.88
6588.599999999999
6608.32
6628.04
6667.48
6807.2
6826.92
6866.36
6905.8
6945.24
6964.96
7004.4
7024.12
7043.84
7083.28
7122.719999999999
7162.16
7321.599999999999
7361.04
7400.48
7420.2
7459.639999999999
7499.08
7538.5199999999995
7577.96
7597.679999999999
7637.12
7656.84
7696.28
7855.719999999999
7875.44
7895.16
7914.88
7954.32
7993.759999999999
8033.2
8121.78
8141.499999999999
8161.219999999999
8200.66
8220.38
8379.82
8468.4
8488.119999999999
8507.839999999998
8645.56
8854.14
8923.0
8942.72
8962.439999999999
9100.16
9119.880000000001
9139.6
9159.32
9367.9
9387.62
9407.34
9545.06
9564.779999999999
9584.5
9623.939999999999
9643.66
9712.519999999999
9970.24
9989.960000000001
10009.68
10098.26
10117.98
10137.699999999999
10157.42
10177.14
10434.859999999999
10454.58
10543.16
10562.880000000001
10582.6
10671.18
10879.76
10948.619999999999
10988.06
11007.779999999999
11047.22
11135.8
11224.380000000001
11244.1
11263.820000000002
11521.54
11541.26
11610.119999999999
11747.84
11767.560000000001
11907.28
11995.86
12133.58
12173.02
12430.740000000002
12450.460000000001
12539.04
12676.76
12696.48
12954.2
13042.78
13082.220000000001
13121.66
13190.52
13210.24
13249.68
13438.539999999999
13507.4
13576.26
13595.980000000001
13664.84
13684.560000000001
13704.28
13724.0
13912.86
13981.72
14070.3
14139.160000000002
14276.880000000001
14416.6
14485.46
14554.32
14642.900000000001
14731.480000000001
14940.06
15028.64
15048.36
15117.22
15136.939999999999
15225.52
15245.240000000002
15284.68
15473.54
15562.12
15650.7
15719.56
15788.420000000002
16046.14
16183.859999999999
16252.720000000001
16441.58
16441.58
16461.3
16549.88
16549.88
16618.74
16687.6
16756.460000000003
16945.32
16945.32
17033.9
17102.760000000002
17191.34
17260.2
17279.920000000002
17468.78
17468.78
17537.64
17675.36
17744.22
17813.079999999998
17813.079999999998
17813.079999999998
18070.800000000003
18139.66
18139.66
18277.379999999997
18535.100000000002
18672.82
18810.54
18810.54
18999.4
18999.4
19137.120000000003
19274.84
19274.84
19463.7
19463.7
19532.56
19670.28
19739.14
19808.000000000004
19996.86
20134.579999999998
20203.44
20203.44
20272.300000000003
20272.300000000003
20272.300000000003
20530.02
20667.74
20736.600000000002
20736.600000000002
20805.46
20805.46
20994.32
20994.32
20994.32
21132.04
21132.04
21132.04
21269.76
21338.620000000003
21527.48
21596.34
21734.06
21734.06
21734.06
21734.06
21822.64
22011.5
22149.22
22286.940000000002
22475.8
22544.66
22544.66
22544.66
22544.66
22544.66
22613.52
22682.38
22682.38
22751.24
22820.1
22820.1
22820.1
23028.68
23028.68
23097.54
23166.4
23254.980000000003
23323.84
23323.84
23323.84
23512.7
23512.7
23581.56
23581.56
23581.56
23650.42
23719.280000000002
23788.14
23977.0
23977.0
23977.0
23977.0
23977.0
24045.86
24114.72
24114.72
24114.72
24183.58
24183.58
24183.58
24321.3
24321.3
24321.3
24510.160000000003
24510.160000000003
24510.160000000003
24579.02
24579.02
24579.02
24579.02
24647.88
24647.88
24647.88
24647.88
24647.88
24647.88
24647.88
24647.88
24716.739999999998
24716.739999999998
24716.739999999998
24716.739999999998
24716.739999999998
24785.600000000002
24854.460000000003
24854.460000000003
25043.32
25043.32
25043.32
25043.32
25112.18
25112.18
25181.04
25181.04
25181.04
25181.04
25181.04
25181.04
25181.04
25249.9
25249.9
25249.9
25318.760000000002
25318.760000000002
25318.760000000002
25318.760000000002
25318.760000000002
25318.760000000002
25507.62
25507.62
25507.62
25507.62
25507.62
25576.480000000003
25576.480000000003
25645.34
25645.34
25645.34
25645.34
25714.2
25714.2
25783.06
25851.920000000002
25851.920000000002
25851.920000000002
26040.780000000002
26040.780000000002
26040.780000000002
26040.780000000002
26040.780000000002
26040.780000000002
26040.780000000002
26109.64
26109.64
26178.5
26178.5
26247.360000000004
26247.360000000004
26247.360000000004
26316.22
26316.22
26316.22
26316.22
26316.22
26316.22
26316.22
26316.22
26316.22
26316.22
26505.08
26505.08
26505.08
26505.08
26505.08
26505.08
26505.08
26505.08
26505.08
26573.94
26573.94
26573.94
26642.800000000003
26642.800000000003
26642.800000000003
26642.800000000003
26642.800000000003
26642.800000000003
26711.660000000003
26711.660000000003
26711.660000000003
26711.660000000003
26780.52
26780.52
26780.52
26780.52
26780.52
26780.52
26849.38
26849.38
26849.38
26849.38
27038.24
27038.24
27038.24
27038.24
27038.24
27038.24
27038.24
27038.24
27038.24
27038.24
27038.24
27038.24
27107.100000000002
27107.100000000002
27107.100000000002
27107.100000000002
27107.100000000002
27107.100000000002
27107.100000000002
27107.100000000002
27175.960000000003
27175.960000000003
27175.960000000003
27175.960000000003
27175.960000000003
27244.82
27244.82
27244.82
27244.82
27313.680000000004
27313.680000000004
27313.680000000004
27313.680000000004
27313.680000000004
27313.680000000004
27313.680000000004
27313.680000000004
27313.680000000004
27313.680000000004
27313.680000000004
27313.680000000004
27313.680000000004
27502.54
27502.54
27502.54
27502.54
27571.4
27571.4
27571.4
27571.4
27640.260000000002
27640.260000000002
27640.260000000002
27640.260000000002
27640.260000000002
27640.260000000002
27709.120000000003
27709.120000000003
27709.120000000003
27709.120000000003
27709.120000000003
27709.120000000003
27709.120000000003
27709.120000000003
27709.120000000003
27709.120000000003
27709.120000000003
27709.120000000003
27709.120000000003
27709.120000000003
27709.120000000003
27709.120000000003
27709.120000000003
27709.120000000003
27709.120000000003
27777.980000000003
27777.980000000003
27777.980000000003
27777.980000000003
27777.980000000003
27777.980000000003
27777.980000000003
27777.980000000003
27777.980000000003
27846.84
27846.84
27846.84
27846.84
27846.84
27846.84
27846.84
27846.84
27846.84
27846.84
27846.84
27846.84
27846.84
27846.84
27846.84
27846.84
27846.84
27846.84
27846.84
27846.84
27846.84
27846.84
27846.84
27846.84
27846.84
27846.84
27846.84
27846.84
27846.84
27846.84
27846.84
27846.84
27846.84
27846.84
27846.84
27846.84
27846.84
27846.84
27846.84
27846.84
27846.84
27846.84
27846.84
27846.84
27846.84
27846.84
27846.84
27846.84
27846.84
28035.7
28035.7
28035.7
28035.7
28035.7
28035.7
28035.7
28035.7
28035.7
28035.7
28035.7
28035.7
28035.7
28035.7
28035.7
28035.7
28035.7
28035.7
28035.7
28104.560000000005
28104.560000000005
28104.560000000005
28104.560000000005
28104.560000000005
28104.560000000005
28104.560000000005
28104.560000000005
28104.560000000005
28104.560000000005
28104.560000000005
28104.560000000005
28104.560000000005
28104.560000000005
28104.560000000005
28104.560000000005
28104.560000000005
28104.560000000005
28104.560000000005
28104.560000000005
28104.560000000005
28104.560000000005
28104.560000000005
28104.560000000005
28104.560000000005
28104.560000000005
28104.560000000005
28104.560000000005
28104.560000000005
28104.560000000005
28104.560000000005
28104.560000000005
28104.560000000005
28104.560000000005
28104.560000000005
28104.560000000005
28104.560000000005
28104.560000000005
28104.560000000005
28104.560000000005
28104.560000000005
28104.560000000005
28104.560000000005
28104.560000000005
28104.560000000005
28104.560000000005
28104.560000000005
28104.560000000005
28104.560000000005
28104.560000000005
28104.560000000005
28104.560000000005
28104.560000000005
28104.560000000005
28104.560000000005
28104.560000000005
28104.560000000005
28104.560000000005
28104.560000000005
28104.560000000005
28104.560000000005
28104.560000000005
28104.560000000005
28104.560000000005
28104.560000000005
28104.560000000005
28104.560000000005
28104.560000000005
28104.560000000005
28104.560000000005
28104.560000000005
28104.560000000005
28104.560000000005
28104.560000000005
28104.560000000005
28104.560000000005
28104.560000000005
28104.560000000005
28104.560000000005
28173.420000000002
28173.420000000002
28173.420000000002
28173.420000000002
28173.420000000002
28173.420000000002
28173.420000000002
28173.420000000002
28173.420000000002
28173.420000000002
28173.420000000002
28173.420000000002
28173.420000000002
28173.420000000002
28173.420000000002
28173.420000000002
28173.420000000002
28173.420000000002
28173.420000000002
28173.420000000002
28173.420000000002
28173.420000000002
28173.420000000002
28173.420000000002
28173.420000000002
28173.420000000002
28242.280000000002
28242.280000000002
28242.280000000002
