0
1
4
5
6
7
10
11
11
11
13
13
14
16
16
16
19
21
23
23
24
27
27
29
30
32
35
38
40
43
45
47
47
49
49
50
53
54
57
59
60
62
62
62
65
66
68
68
69
72
72
73
75
77
78
80
80
80
82
84
87
88
88
88
91
92
95
97
100
103
104
106
106
109
112
115
117
119
120
122
122
123
124
127
127
130
132
133
134
137
138
138
138
141
141
141
142
144
147
147
150
150
152
155
156
158
158
160
162
163
165
166
169
171
173
174
177
178
180
183
184
186
189
189
192
195
198
198
198
199
200
201
203
204
204
205
206
206
207
210
210
210
213
214
215
217
218
219
219
219
220
222
225
225
226
229
232
234
234
236
236
238
240
243
245
248
251
253
254
255
258
261
263
263
263
265
265
267
267
268
268
270
273
275
278
280
282
285
286
288
290
291
292
294
296
296
298
299
302
304
307
307
307
309
311
313
316
318
318
321
323
325
325
327
327
328
328
331
333
336
338
338
341
343
345
346
346
348
348
349
350
350
353
354
355
355
357
360
362
362
362
362
363
365
365
366
369
369
370
370
373
373
373
376
376
377
378
379
379
379
379
379
380
383
384
384
384
385
387
389
389
390
393
394
395
395
395
396
397
398
398
399
401
402
405
405
405
406
409
409
409
410
413
413
413
414
417
418
418
420
420
422
423
423
424
424
424
425
428
430
430
430
432
432
432
432
432
432
432
432
434
435
435
436
436
436
436
437
437
438
440
443
443
445
448
448
448
449
449
450
453
456
458
460
462
464
464
465
467
467
469
470
471
471
474
474
474
474
475
475
477
478
479
479
479
481
481
482
482
482
484
484
484
486
488
489
491
492
494
494
497
497
497
497
497
497
497
497
497
497
499
501
501
501
504
504
504
504
504
506
506
506
506
506
506
506
506
506
507
507
507
509
509
509
512
514
514
514
514
514
514
514
514
515
515
515
515
515
516
516
516
516
517
517
519
519
519
519
519
519
521
521
521
521
521
521
521
522
523
524
524
526
526
527
527
527
529
529
529
529
530
530
532
532
532
532
532
532
532
532
532
532
532
532
532
532
534
534
536
538
539
539
539
539
539
539
541
541
542
543
543
545
547
547
547
549
549
549
549
549
549
550
550
550
550
550
550
550
550
550
550
550
550
550
550
551
551
551
551
551
551
551
551
551
551
551
551
551
552
552
552
552
552
552
552
552
552
553
553
553
553
553
553
553
553
553
553
556
556
556
556
556
556
556
557
557
557
557
559
560
560
562
562
562
562
562
562
562
562
562
562
562
562
562
562
562
562
562
562
562
564
564
564
564
564
565
565
565
565
565
565
565
565
566
566
569
569
571
571
571
571
571
571
571
572
573
573
573
573
573
573
574
574
574
574
574
574
574
574
574
574
574
574
574
574
574
574
574
576
576
576
576
576
576
576
579
579
579
579
579
579
579
579
579
579
579
579
579
580
581
581
581
581
581
581
581
581
584
584
585
585
585
585
585
585
585
585
585
585
585
585
585
586
586
586
586
586
586
586
586
586
588
588
588
588
588
588
588
588
588
588
588
588
588
588
588
588
588
588
588
588
590
590
590
590
590
590
590
590
590
590
590
590
590
591
591
591
591
591
591
591
591
591
591
591
591
591
591
591
591
591
591
591
591
591
591
591
591
591
591
591
592
592
593
593
593
593
593
593
594
594
594
594
594
594
594
594
594
594
594
594
594
594
594
594
594
594
594
594
594
594
594
594
594
594
594
594
594
594
594
594
594
594
594
594
594
594
594
594
594
595
595
595
595
596
596
596
596
596
596
