0.0
259.42
318.58
338.3
358.02
377.74
436.9
456.62
456.62
456.62
496.06
496.06
515.78
555.22
555.22
555.22
614.3799999999999
773.8199999999999
813.2599999999999
813.2599999999999
832.9799999999999
892.1399999999999
892.1399999999999
931.5799999999999
951.3
990.7399999999999
1049.9
1109.06
1268.5
1327.66
1367.1000000000001
1406.54
1406.54
1445.98
1445.98
1465.7
1524.8600000000001
1544.58
1603.74
1643.18
1782.9
1822.3400000000001
1822.3400000000001
1822.3400000000001
1881.5
1901.22
1940.66
1940.66
1960.38
2019.54
2019.54
2039.26
2078.7
2118.14
2137.8599999999997
2297.3
2297.3
2297.3
2336.7400000000002
2376.1800000000003
2435.34
2455.0600000000004
2455.0600000000004
2455.0600000000004
2514.2200000000003
2533.94
2593.1000000000004
2632.5400000000004
2811.7000000000003
2870.86
2890.5800000000004
2930.0200000000004
2930.0200000000004
2989.1800000000003
3048.34
3107.5
3146.94
3186.38
3326.1000000000004
3365.54
3365.54
3385.26
3404.98
3464.1400000000003
3464.1400000000003
3523.3
3562.7400000000002
3582.46
3602.1800000000003
3661.34
3681.0600000000004
3681.0600000000004
3681.0600000000004
3860.2200000000003
3860.2200000000003
3860.2200000000003
3879.94
3919.38
3978.54
3978.54
4037.7000000000003
4037.7000000000003
4126.280000000001
4185.4400000000005
4205.16
4364.599999999999
4364.599999999999
4404.039999999999
4443.48
4463.199999999999
4502.639999999999
4522.36
4581.5199999999995
4620.959999999999
4660.4
4680.119999999999
4957.5599999999995
4977.28
5016.719999999999
5075.879999999999
5095.599999999999
5184.18
5243.34
5243.34
5422.5
5530.799999999999
5688.24
5688.24
5688.24
5707.96
5727.68
5747.4
5906.84
5926.5599999999995
5926.5599999999995
5946.28
5966.0
5966.0
5985.72
6094.0199999999995
6094.0199999999995
6094.0199999999995
6153.179999999999
6172.9
6192.62
6232.0599999999995
6251.78
6271.499999999999
6271.499999999999
6271.499999999999
6411.219999999999
6450.66
6558.96
6558.96
6578.68
6686.98
6746.139999999999
6905.58
6905.58
6945.0199999999995
6945.0199999999995
6984.46
7023.9
7083.0599999999995
7171.639999999999
7230.799999999999
7508.24
7547.679999999999
7567.4
7587.12
7646.28
7754.58
7794.02
7794.02
7794.02
8002.599999999999
8002.599999999999
8042.04
8042.04
8061.759999999999
8061.759999999999
8101.2
8160.36
8248.939999999999
8308.099999999999
8516.679999999998
8556.119999999999
8615.279999999999
8634.999999999998
8723.58
8763.02
8782.74
8802.46
9011.039999999999
9050.48
9050.48
9089.919999999998
9109.64
9267.079999999998
9306.519999999999
9583.96
9583.96
9583.96
9721.679999999998
9761.119999999999
9969.699999999999
10127.14
10215.72
10215.72
10274.88
10532.599999999999
10572.039999999999
10572.039999999999
10709.76
10709.76
10729.48
10729.48
11006.919999999998
11144.639999999998
11302.08
11341.519999999999
11341.519999999999
11618.96
11658.399999999998
11796.119999999999
11984.98
11984.98
12073.56
12073.56
12142.419999999998
12162.14
12162.14
12270.439999999999
12290.159999999998
12309.879999999997
12309.879999999997
12567.599999999999
12626.76
12764.48
12764.48
12764.48
12764.48
12784.199999999999
12823.64
12823.64
12843.359999999999
13120.8
13120.8
13140.52
13140.52
13199.68
13199.68
13199.68
13307.98
13307.98
13496.839999999998
13516.56
13536.279999999999
13536.279999999999
13536.279999999999
13536.279999999999
13536.279999999999
13556.0
13713.439999999999
13782.3
13782.3
13782.3
13851.16
14108.88
14246.6
14246.6
14315.46
14543.759999999998
14563.48
14583.199999999999
14583.199999999999
14583.199999999999
14652.06
14671.779999999999
14691.499999999998
14691.499999999998
14711.22
14848.94
15037.8
15195.24
15195.24
15195.24
15264.099999999999
15372.4
15372.4
15372.4
15392.12
15571.28
15571.28
15571.28
15591.0
15748.439999999999
15768.16
15768.16
15807.599999999999
15807.599999999999
15847.039999999999
16035.9
16035.9
16104.759999999998
16104.759999999998
16104.759999999998
16173.62
16281.92
16539.64
16539.64
16539.64
16677.36
16677.36
16677.36
16677.36
16677.36
16677.36
16677.36
16677.36
16815.08
16883.940000000002
16883.940000000002
17072.8
17072.8
17072.8
17072.8
17141.660000000003
17141.660000000003
17210.52
17348.24
17625.68
17625.68
17763.4
17822.56
17822.56
17822.56
17891.420000000002
17891.420000000002
18080.28
18139.440000000002
18247.74
18385.460000000003
18594.040000000005
18731.760000000002
18869.480000000003
18869.480000000003
18889.2
19048.640000000003
19048.640000000003
19186.36
19206.08
19274.940000000002
19274.940000000002
19383.24
19383.24
19383.24
19383.24
19402.96
19402.96
19611.54
19631.260000000002
19650.980000000003
19650.980000000003
19650.980000000003
19788.7
19788.7
19857.56
19857.56
19857.56
20115.280000000002
20115.280000000002
20115.280000000002
20253.0
20390.72
20579.58
20619.02
20687.880000000005
20727.320000000003
20727.320000000003
20786.480000000003
20786.480000000003
20786.480000000003
20786.480000000003
20786.480000000003
20786.480000000003
20786.480000000003
20786.480000000003
20786.480000000003
20786.480000000003
20875.06
20914.5
20914.5
20914.5
21142.800000000003
21142.800000000003
21142.800000000003
21142.800000000003
21142.800000000003
21280.52
21280.52
21280.52
21280.52
21280.52
21280.52
21280.52
21280.52
21280.52
21349.380000000005
21349.380000000005
21349.380000000005
21437.960000000003
21437.960000000003
21437.960000000003
21666.260000000002
21705.700000000004
21705.700000000004
21705.700000000004
21705.700000000004
21705.700000000004
21705.700000000004
21705.700000000004
21705.700000000004
21774.56
21774.56
21774.56
21774.56
21774.56
21794.28
21794.28
21794.28
21794.28
21863.140000000003
21863.140000000003
22120.86
22120.86
22120.86
22120.86
22120.86
22120.86
22258.58
22258.58
22258.58
22258.58
22258.58
22258.58
22258.58
22278.3
22347.160000000003
22366.88
22366.88
22624.600000000002
22624.600000000002
22693.460000000003
22693.460000000003
22693.460000000003
22831.18
22831.18
22831.18
22831.18
22900.040000000005
22900.040000000005
23157.760000000002
23157.760000000002
23157.760000000002
23157.760000000002
23157.760000000002
23157.760000000002
23157.760000000002
23157.760000000002
23157.760000000002
23157.760000000002
23157.760000000002
23157.760000000002
23157.760000000002
23157.760000000002
23295.480000000003
23295.480000000003
23433.2
23690.920000000002
23710.64
23710.64
23710.64
23710.64
23710.64
23710.64
23848.360000000004
23848.360000000004
23917.22
24106.08
24106.08
24243.800000000003
24381.52
24381.52
24381.52
24420.960000000003
24420.960000000003
24420.960000000003
24420.960000000003
24420.960000000003
24420.960000000003
24440.68
24440.68
24440.68
24440.68
24440.68
24440.68
24440.68
24440.68
24440.68
24440.68
24440.68
24440.68
24440.68
24440.68
24629.540000000005
24629.540000000005
24629.540000000005
24629.540000000005
24629.540000000005
24629.540000000005
24629.540000000005
24629.540000000005
24629.540000000005
24629.540000000005
24629.540000000005
24629.540000000005
24629.540000000005
24649.260000000002
24649.260000000002
24649.260000000002
24649.260000000002
24649.260000000002
24649.260000000002
24649.260000000002
24649.260000000002
24649.260000000002
24718.120000000003
24718.120000000003
24718.120000000003
24718.120000000003
24718.120000000003
24718.120000000003
24718.120000000003
24718.120000000003
24718.120000000003
24718.120000000003
24875.560000000005
24875.560000000005
24875.560000000005
24875.560000000005
24875.560000000005
24875.560000000005
24875.560000000005
24944.420000000002
24944.420000000002
24944.420000000002
24944.420000000002
25153.000000000004
25221.86
25221.86
25359.580000000005
25359.580000000005
25359.580000000005
25359.580000000005
25359.580000000005
25359.580000000005
25359.580000000005
25359.580000000005
25359.580000000005
25359.580000000005
25359.580000000005
25359.580000000005
25359.580000000005
25359.580000000005
25359.580000000005
25359.580000000005
25359.580000000005
25359.580000000005
25359.580000000005
25617.300000000003
25617.300000000003
25617.300000000003
25617.300000000003
25617.300000000003
25686.16
25686.16
25686.16
25686.16
25686.16
25686.16
25686.16
25686.16
25755.020000000004
25755.020000000004
25912.460000000003
25912.460000000003
26170.18
26170.18
26170.18
26170.18
26170.18
26170.18
26170.18
26239.04
26307.900000000005
26307.900000000005
26307.900000000005
26307.900000000005
26307.900000000005
26307.900000000005
26376.760000000002
26376.760000000002
26376.760000000002
26376.760000000002
26376.760000000002
26376.760000000002
26376.760000000002
26376.760000000002
26376.760000000002
26376.760000000002
26376.760000000002
26376.760000000002
26376.760000000002
26376.760000000002
26376.760000000002
26376.760000000002
26376.760000000002
26634.48
26634.48
26634.48
26634.48
26634.48
26634.48
26634.48
26742.780000000002
26742.780000000002
26742.780000000002
26742.780000000002
26742.780000000002
26742.780000000002
26742.780000000002
26742.780000000002
26742.780000000002
26742.780000000002
26742.780000000002
26742.780000000002
26742.780000000002
26811.640000000003
26880.500000000004
26880.500000000004
26880.500000000004
26880.500000000004
26880.500000000004
26880.500000000004
26880.500000000004
26880.500000000004
27157.940000000002
27157.940000000002
27226.800000000003
27226.800000000003
27226.800000000003
27226.800000000003
27226.800000000003
27226.800000000003
27226.800000000003
27226.800000000003
27226.800000000003
27226.800000000003
27226.800000000003
27226.800000000003
27226.800000000003
27295.660000000003
27295.660000000003
27295.660000000003
27295.660000000003
27295.660000000003
27295.660000000003
27295.660000000003
27295.660000000003
27295.660000000003
27433.380000000005
27433.380000000005
27433.380000000005
27433.380000000005
27433.380000000005
27433.380000000005
27433.380000000005
27433.380000000005
27433.380000000005
27433.380000000005
27433.380000000005
27433.380000000005
27433.380000000005
27433.380000000005
27433.380000000005
27433.380000000005
27433.380000000005
27433.380000000005
27433.380000000005
27433.380000000005
27691.100000000002
27691.100000000002
27691.100000000002
27691.100000000002
27691.100000000002
27691.100000000002
27691.100000000002
27691.100000000002
27691.100000000002
27691.100000000002
27691.100000000002
27691.100000000002
27691.100000000002
27759.960000000003
27759.960000000003
27759.960000000003
27759.960000000003
27759.960000000003
27759.960000000003
27759.960000000003
27759.960000000003
27759.960000000003
27759.960000000003
27759.960000000003
27759.960000000003
27759.960000000003
27759.960000000003
27759.960000000003
27759.960000000003
27759.960000000003
27759.960000000003
27759.960000000003
27759.960000000003
27759.960000000003
27759.960000000003
27759.960000000003
27759.960000000003
27759.960000000003
27759.960000000003
27759.960000000003
27828.820000000003
27828.820000000003
27897.680000000004
27897.680000000004
27897.680000000004
27897.680000000004
27897.680000000004
27897.680000000004
27966.54
27966.54
27966.54
27966.54
27966.54
27966.54
27966.54
27966.54
27966.54
27966.54
27966.54
27966.54
27966.54
27966.54
27966.54
27966.54
27966.54
27966.54
27966.54
27966.54
27966.54
27966.54
27966.54
27966.54
27966.54
27966.54
27966.54
27966.54
27966.54
27966.54
27966.54
27966.54
27966.54
27966.54
27966.54
27966.54
27966.54
27966.54
27966.54
27966.54
27966.54
28155.4
28155.4
28155.4
28155.4
28224.260000000006
28224.260000000006
28224.260000000006
28224.260000000006
28224.260000000006
28224.260000000006
